1 2
1 3
1 5
1 6
1 8
1 11
1 16
1 17
1 18
1 19
1 21
1 24
1 27
1 29
1 31
1 32
1 33
1 34
1 37
1 38
2 3
2 5
2 8
2 10
2 12
2 13
2 15
2 18
2 23
2 25
2 26
2 27
2 29
2 30
2 31
2 36
2 39
3 4
3 7
3 12
3 13
3 14
3 17
3 18
3 20
3 21
3 23
3 24
3 26
3 28
3 31
3 32
3 35
3 36
3 38
3 40
4 7
4 9
4 11
4 12
4 16
4 20
4 24
4 26
4 27
4 28
4 29
4 31
4 36
4 40
5 6
5 8
5 11
5 12
5 13
5 15
5 18
5 21
5 23
5 28
5 29
5 32
5 33
5 35
5 36
5 38
5 40
6 10
6 15
6 17
6 21
6 23
6 28
6 29
6 30
6 31
6 33
6 34
6 35
6 36
6 37
6 40
7 9
7 11
7 12
7 16
7 17
7 18
7 21
7 22
7 25
7 28
7 29
7 34
7 36
7 40
8 9
8 10
8 11
8 13
8 15
8 16
8 17
8 19
8 21
8 22
8 23
8 24
8 25
8 26
8 28
8 29
8 30
8 33
8 35
8 37
8 38
8 40
9 10
9 12
9 13
9 14
9 15
9 16
9 17
9 19
9 20
9 22
9 24
9 26
9 27
9 28
9 32
9 33
9 34
9 37
9 38
9 39
10 13
10 15
10 17
10 18
10 21
10 27
10 28
10 34
10 39
11 16
11 19
11 21
11 23
11 25
11 27
11 28
11 29
11 33
11 36
12 20
12 24
12 25
12 27
12 28
12 29
12 31
12 32
12 33
12 35
12 38
12 40
13 15
13 21
13 26
13 30
13 32
13 35
13 37
13 39
14 17
14 19
14 21
14 22
14 24
14 30
14 35
14 36
14 38
15 16
15 17
15 19
15 21
15 23
15 24
15 28
15 29
15 30
15 31
15 35
15 36
15 37
15 40
16 17
16 21
16 25
16 27
16 31
16 33
16 34
16 35
16 36
16 37
16 39
16 40
17 21
17 22
17 23
17 24
17 25
17 28
17 31
17 35
17 39
17 40
18 20
18 23
18 27
18 29
18 30
18 31
18 32
18 36
18 38
18 39
19 31
19 35
19 36
19 40
20 21
20 23
20 24
20 27
20 29
20 32
20 34
20 35
20 36
20 37
21 23
21 24
21 25
21 27
21 28
21 35
21 37
22 24
22 26
22 28
22 30
22 34
22 37
22 40
23 24
23 25
23 28
23 32
23 33
23 34
23 36
23 39
23 40
24 29
24 30
24 32
24 37
24 40
25 29
25 30
25 32
25 33
25 35
25 37
25 40
26 28
26 30
26 31
26 33
26 34
26 35
26 39
27 28
27 30
27 32
27 33
27 36
27 37
27 39
28 29
28 30
28 31
28 35
28 36
29 30
29 32
29 33
29 34
29 36
29 37
29 38
29 40
30 31
30 32
30 33
30 34
30 35
30 37
30 38
30 40
31 32
31 34
31 35
31 37
31 38
32 35
32 36
33 34
33 35
33 36
33 37
33 38
34 36
34 37
34 39
35 36
35 40
36 37
36 39
36 40
37 39
37 40
39 40
