1 3
1 4
1 5
1 6
1 9
1 10
1 14
1 15
1 16
1 17
1 18
1 19
2 8
2 9
2 10
2 11
2 12
2 13
2 14
2 17
2 18
3 4
3 5
3 6
3 7
3 8
3 10
3 11
3 12
3 13
3 14
3 15
3 16
3 17
3 18
3 19
4 6
4 7
4 8
4 9
4 11
4 13
4 14
4 15
4 16
4 19
5 8
5 9
5 11
5 13
5 14
5 15
5 17
6 7
6 8
6 10
6 11
6 12
6 14
6 16
6 19
7 11
7 13
7 15
7 19
8 9
8 10
8 11
8 13
8 15
8 17
8 18
9 10
9 11
9 12
9 13
9 15
9 16
9 17
10 11
10 15
10 17
10 18
11 13
11 14
11 15
11 16
11 17
11 18
11 19
12 13
12 15
12 16
12 17
12 18
13 14
13 15
13 17
13 18
13 19
14 15
14 16
14 17
14 18
14 19
15 17
16 17
16 18
16 19
17 18
18 19
