1 3
1 4
1 6
1 8
1 9
1 11
1 14
1 18
1 20
1 21
1 22
1 23
1 25
1 26
1 27
1 31
1 33
1 35
1 37
1 38
1 40
1 41
1 42
1 43
1 44
1 46
1 47
1 49
2 3
2 9
2 11
2 12
2 13
2 14
2 19
2 22
2 23
2 24
2 26
2 28
2 35
2 37
2 42
2 49
3 5
3 10
3 12
3 16
3 17
3 18
3 19
3 22
3 23
3 25
3 26
3 27
3 33
3 34
3 35
3 37
3 38
3 42
3 43
3 45
4 7
4 9
4 18
4 19
4 22
4 24
4 26
4 28
4 35
4 36
4 37
4 38
4 39
4 40
4 43
4 45
4 48
5 11
5 21
5 23
5 24
5 26
5 30
5 31
5 34
5 36
5 41
5 44
5 49
6 7
6 8
6 9
6 11
6 12
6 13
6 17
6 18
6 28
6 29
6 33
6 37
6 39
6 47
6 49
7 9
7 10
7 11
7 16
7 21
7 23
7 24
7 25
7 26
7 31
7 33
7 38
7 40
7 42
7 43
7 44
7 46
8 13
8 16
8 19
8 20
8 23
8 24
8 27
8 28
8 29
8 30
8 31
8 32
8 38
8 49
9 14
9 16
9 20
9 27
9 28
9 30
9 33
9 34
9 35
9 38
9 43
9 45
9 46
9 47
9 48
10 13
10 15
10 16
10 21
10 23
10 25
10 28
10 34
10 35
10 36
10 39
10 47
10 49
11 14
11 17
11 19
11 20
11 23
11 25
11 28
11 29
11 33
11 35
11 36
11 38
11 40
11 41
11 47
12 13
12 14
12 15
12 20
12 22
12 27
12 29
12 30
12 33
12 34
12 36
12 37
12 40
12 43
12 45
12 47
12 48
13 14
13 16
13 18
13 21
13 23
13 27
13 29
13 30
13 32
13 33
13 34
13 38
13 42
13 49
14 15
14 16
14 17
14 18
14 19
14 21
14 23
14 25
14 32
14 33
14 34
14 37
14 40
14 47
14 48
14 49
15 17
15 18
15 22
15 29
15 33
15 36
15 39
15 40
15 42
16 18
16 23
16 24
16 26
16 28
16 31
16 37
16 39
16 40
16 42
16 44
16 49
17 18
17 21
17 22
17 24
17 27
17 28
17 29
17 33
17 34
17 37
17 40
17 43
17 44
17 45
18 21
18 22
18 30
18 32
18 34
18 36
18 41
18 42
18 43
18 44
18 47
18 49
19 23
19 24
19 26
19 27
19 28
19 30
19 32
19 33
19 34
19 35
19 38
19 39
19 43
19 44
19 46
19 48
19 49
20 25
20 30
20 32
20 34
20 39
20 41
20 47
21 23
21 26
21 29
21 32
21 34
21 38
21 43
21 44
21 48
21 49
22 23
22 25
22 27
22 29
22 30
22 31
22 36
22 38
22 40
22 41
22 43
22 44
22 47
23 25
23 26
23 29
23 30
23 33
23 34
23 36
23 38
23 42
23 44
24 28
24 31
24 38
24 39
24 40
24 45
24 49
25 30
25 31
25 34
25 36
25 37
25 39
25 42
25 43
25 44
26 32
26 33
26 35
26 36
26 39
26 40
26 42
26 44
26 46
26 48
27 28
27 32
27 33
27 34
27 35
27 36
27 38
27 40
27 41
27 42
27 46
28 32
28 34
28 37
28 40
28 41
28 42
28 43
28 44
28 45
28 46
28 47
28 48
28 49
29 32
29 37
29 38
29 43
29 45
29 49
30 32
30 33
30 34
30 38
30 40
30 41
30 45
30 46
31 32
31 35
31 36
31 39
31 44
31 49
32 35
32 37
32 42
32 43
32 45
32 49
33 35
33 36
33 37
33 39
33 41
33 42
33 43
33 45
33 48
34 38
34 42
34 43
34 44
34 47
34 48
35 36
35 37
35 38
35 39
35 40
35 43
35 45
35 46
35 47
35 49
36 38
36 40
36 42
36 43
36 45
36 49
37 39
37 40
37 41
37 42
37 43
37 45
37 46
37 47
37 48
38 39
38 42
38 43
38 44
38 47
39 40
39 43
39 44
39 45
39 46
40 41
40 42
40 43
40 45
40 46
41 42
41 44
41 46
41 47
41 49
42 45
42 47
42 49
43 45
43 49
44 45
44 46
44 48
45 48
45 49
47 48
