1 2
1 5
1 9
1 11
1 12
1 14
1 16
1 22
1 23
1 28
1 29
1 30
1 31
1 33
1 34
1 35
1 37
1 40
2 3
2 4
2 5
2 7
2 9
2 10
2 12
2 14
2 15
2 17
2 19
2 21
2 25
2 27
2 28
2 34
2 37
2 38
2 39
3 4
3 5
3 7
3 8
3 9
3 10
3 11
3 13
3 17
3 18
3 20
3 21
3 22
3 23
3 29
3 33
3 35
3 37
3 39
3 40
4 6
4 7
4 12
4 13
4 14
4 18
4 25
4 27
4 31
4 35
4 40
5 6
5 8
5 9
5 13
5 18
5 19
5 26
5 27
5 28
5 29
5 30
5 31
5 36
5 37
5 39
5 40
6 11
6 12
6 16
6 17
6 24
6 25
6 29
6 31
6 33
6 34
6 36
6 38
7 11
7 15
7 18
7 19
7 24
7 27
7 28
7 30
7 36
7 37
7 38
8 10
8 11
8 12
8 13
8 15
8 16
8 18
8 19
8 23
8 26
8 27
8 28
8 31
8 32
8 38
8 40
9 15
9 17
9 18
9 19
9 23
9 27
9 29
9 30
9 31
9 33
9 36
10 11
10 14
10 17
10 19
10 21
10 23
10 24
10 26
10 27
10 33
10 34
10 35
10 38
10 39
10 40
11 12
11 14
11 15
11 18
11 20
11 21
11 26
11 27
11 28
11 30
11 32
11 38
12 13
12 15
12 16
12 20
12 23
12 25
12 27
12 31
12 32
12 35
13 16
13 17
13 21
13 29
13 31
13 36
13 37
13 39
14 16
14 19
14 20
14 21
14 23
14 25
14 26
14 27
14 29
14 31
14 33
14 36
15 20
15 21
15 22
15 24
15 25
15 27
15 31
15 34
15 37
16 17
16 19
16 24
16 26
16 33
16 37
16 39
17 24
17 25
17 26
17 28
17 30
17 31
17 32
17 34
17 39
18 19
18 20
18 21
18 22
18 24
18 26
18 30
18 33
18 37
18 38
18 40
19 20
19 23
19 24
19 27
19 28
19 33
19 37
19 40
20 21
20 25
20 27
20 29
20 32
20 38
20 39
21 22
21 23
21 24
21 25
21 29
21 33
21 34
21 36
21 38
21 39
21 40
22 23
22 25
22 28
22 29
22 30
22 33
22 36
22 37
23 29
23 30
23 31
23 34
23 40
24 27
24 30
24 34
24 35
24 39
25 27
25 28
25 29
25 32
25 38
25 39
25 40
26 30
26 31
26 33
26 38
27 32
27 35
28 33
28 36
29 30
29 32
29 34
29 39
30 31
30 32
30 36
30 37
30 39
31 32
31 33
31 34
31 35
31 38
31 40
32 34
32 35
33 35
33 37
34 35
34 38
35 38
35 40
36 38
36 40
37 38
37 40
39 40
