1 2
1 4
1 6
1 12
1 14
1 16
1 21
1 25
1 27
1 40
2 3
2 5
2 6
2 7
2 12
2 14
2 15
2 17
2 27
2 31
2 32
2 33
2 34
2 35
2 36
2 37
2 38
2 39
2 40
3 4
3 5
3 6
3 7
3 9
3 10
3 11
3 13
3 15
3 22
3 23
3 28
3 29
3 32
3 33
3 34
3 36
3 37
3 38
3 40
4 6
4 7
4 11
4 12
4 13
4 22
4 23
4 26
4 28
4 29
4 31
4 40
5 6
5 8
5 11
5 16
5 20
5 21
5 22
5 27
5 29
5 30
5 32
5 36
5 37
5 38
6 15
6 19
6 20
6 21
6 22
6 23
6 30
6 32
6 33
6 35
6 39
7 9
7 10
7 11
7 12
7 19
7 22
7 27
7 28
7 31
7 33
7 34
7 36
7 37
7 40
8 11
8 12
8 14
8 18
8 19
8 21
8 22
8 26
8 30
8 31
8 32
8 33
8 36
8 37
8 40
9 10
9 11
9 13
9 14
9 16
9 19
9 20
9 24
9 26
9 27
9 29
9 32
9 34
9 35
10 12
10 17
10 19
10 21
10 22
10 23
10 29
10 31
10 33
10 38
11 12
11 14
11 16
11 18
11 21
11 26
11 28
11 31
11 33
11 37
11 40
12 13
12 16
12 17
12 19
12 20
12 21
12 24
12 25
12 27
12 30
12 31
12 32
12 34
12 38
13 16
13 18
13 19
13 20
13 21
13 27
13 28
13 29
13 30
13 32
13 36
13 40
14 17
14 18
14 21
14 22
14 24
14 25
14 28
14 34
14 35
14 38
14 39
14 40
15 21
15 23
15 24
15 25
15 28
15 29
15 35
15 39
16 18
16 22
16 23
16 25
16 28
16 30
16 31
16 34
16 35
16 36
16 37
16 40
17 18
17 19
17 23
17 24
17 27
17 28
17 30
17 31
17 32
17 35
17 39
17 40
18 19
18 21
18 24
18 25
18 28
18 31
18 37
19 21
19 25
19 30
19 31
20 24
20 30
20 32
20 34
20 36
20 39
20 40
21 25
21 26
21 33
21 37
21 38
21 39
21 40
22 26
22 28
22 29
22 36
22 37
23 24
23 26
23 27
23 29
23 31
23 32
23 35
23 36
23 37
23 40
24 27
24 30
24 31
24 37
24 39
24 40
25 27
25 28
25 30
25 35
25 37
26 27
26 28
26 30
26 31
26 35
26 38
26 39
27 29
27 32
27 37
27 38
27 39
28 30
28 33
28 34
28 36
28 38
29 30
29 31
29 32
29 37
29 39
30 31
30 32
30 33
30 34
30 37
31 32
31 33
31 38
31 39
31 40
32 34
32 36
32 37
32 38
32 39
32 40
34 37
34 40
36 37
36 39
37 39
37 40
39 40
