1 2
1 4
1 5
1 7
1 13
1 14
1 18
1 19
1 24
1 25
1 28
1 31
1 33
1 34
1 35
1 36
1 37
1 39
1 40
1 43
1 45
1 46
1 47
1 48
1 49
1 53
1 54
1 55
1 56
1 58
1 59
1 61
1 62
1 63
1 64
1 65
1 66
1 68
1 71
1 72
1 75
1 77
1 79
1 82
1 92
1 93
1 94
1 96
1 97
1 99
1 100
1 101
1 103
1 106
1 108
1 111
1 112
1 114
1 121
1 123
1 124
1 125
1 128
1 131
1 132
1 133
1 135
1 137
1 138
1 141
1 142
1 143
1 145
1 146
1 147
1 149
1 150
2 6
2 8
2 9
2 10
2 11
2 12
2 14
2 15
2 16
2 19
2 21
2 23
2 24
2 25
2 26
2 28
2 31
2 32
2 34
2 35
2 36
2 37
2 39
2 40
2 42
2 43
2 45
2 47
2 48
2 49
2 50
2 52
2 53
2 55
2 56
2 57
2 58
2 60
2 62
2 64
2 65
2 66
2 68
2 71
2 72
2 74
2 75
2 76
2 78
2 80
2 81
2 83
2 84
2 86
2 87
2 89
2 90
2 92
2 98
2 99
2 100
2 101
2 102
2 103
2 104
2 105
2 107
2 108
2 110
2 112
2 113
2 116
2 117
2 118
2 119
2 120
2 121
2 128
2 129
2 130
2 132
2 133
2 135
2 137
2 144
2 147
2 148
2 150
3 4
3 5
3 7
3 8
3 9
3 11
3 13
3 14
3 15
3 16
3 19
3 20
3 21
3 22
3 25
3 27
3 28
3 29
3 31
3 32
3 33
3 35
3 37
3 38
3 39
3 40
3 41
3 42
3 43
3 44
3 45
3 46
3 48
3 49
3 51
3 54
3 56
3 57
3 60
3 61
3 63
3 64
3 65
3 66
3 71
3 73
3 74
3 75
3 76
3 77
3 78
3 79
3 80
3 81
3 82
3 83
3 85
3 89
3 90
3 91
3 95
3 97
3 100
3 102
3 107
3 108
3 109
3 110
3 111
3 112
3 113
3 114
3 115
3 116
3 118
3 122
3 123
3 124
3 127
3 130
3 131
3 132
3 133
3 134
3 136
3 138
3 139
3 140
3 141
3 142
3 143
3 144
3 145
3 146
3 147
3 148
3 149
4 6
4 7
4 9
4 14
4 15
4 16
4 17
4 20
4 21
4 23
4 24
4 31
4 33
4 34
4 35
4 36
4 37
4 39
4 40
4 41
4 42
4 44
4 48
4 49
4 51
4 52
4 53
4 57
4 58
4 59
4 61
4 62
4 63
4 65
4 66
4 67
4 69
4 71
4 74
4 75
4 76
4 77
4 81
4 82
4 85
4 86
4 89
4 91
4 93
4 94
4 96
4 97
4 98
4 99
4 100
4 101
4 102
4 104
4 105
4 110
4 111
4 114
4 116
4 117
4 118
4 119
4 121
4 123
4 124
4 125
4 126
4 127
4 128
4 130
4 131
4 133
4 134
4 135
4 136
4 137
4 138
4 140
4 141
4 143
4 145
4 146
4 147
4 149
4 150
5 6
5 9
5 10
5 12
5 17
5 18
5 19
5 21
5 23
5 27
5 29
5 30
5 31
5 32
5 33
5 35
5 37
5 38
5 40
5 41
5 44
5 45
5 46
5 50
5 52
5 53
5 55
5 58
5 61
5 62
5 63
5 65
5 67
5 69
5 70
5 72
5 74
5 77
5 79
5 83
5 86
5 87
5 89
5 90
5 91
5 95
5 97
5 98
5 99
5 101
5 102
5 104
5 105
5 106
5 107
5 108
5 109
5 111
5 113
5 114
5 116
5 118
5 119
5 122
5 123
5 124
5 125
5 132
5 133
5 134
5 135
5 137
5 138
5 139
5 141
5 143
5 144
5 147
5 150
6 9
6 11
6 15
6 17
6 19
6 20
6 21
6 22
6 23
6 25
6 29
6 31
6 32
6 33
6 34
6 35
6 36
6 38
6 43
6 45
6 46
6 48
6 51
6 53
6 55
6 57
6 60
6 61
6 62
6 63
6 64
6 65
6 67
6 72
6 73
6 74
6 75
6 76
6 77
6 78
6 79
6 80
6 81
6 83
6 85
6 86
6 87
6 88
6 90
6 91
6 92
6 93
6 94
6 96
6 98
6 99
6 100
6 101
6 104
6 105
6 107
6 111
6 112
6 113
6 114
6 115
6 116
6 117
6 119
6 122
6 124
6 126
6 129
6 130
6 131
6 132
6 133
6 134
6 135
6 136
6 138
6 139
6 141
6 144
6 145
6 147
6 149
7 8
7 11
7 15
7 16
7 20
7 22
7 23
7 27
7 29
7 31
7 32
7 33
7 34
7 36
7 41
7 42
7 43
7 44
7 46
7 47
7 48
7 50
7 51
7 57
7 58
7 59
7 60
7 62
7 63
7 64
7 66
7 67
7 70
7 71
7 73
7 78
7 79
7 81
7 82
7 83
7 84
7 85
7 86
7 89
7 91
7 92
7 94
7 96
7 97
7 99
7 101
7 102
7 104
7 107
7 108
7 110
7 113
7 114
7 115
7 119
7 121
7 124
7 125
7 130
7 131
7 132
7 134
7 136
7 137
7 140
7 141
7 142
7 143
7 144
7 145
7 146
7 149
8 9
8 13
8 14
8 16
8 17
8 18
8 19
8 20
8 21
8 24
8 26
8 29
8 30
8 31
8 32
8 33
8 36
8 37
8 39
8 41
8 42
8 43
8 46
8 47
8 48
8 49
8 51
8 52
8 55
8 56
8 58
8 59
8 60
8 61
8 62
8 63
8 64
8 65
8 66
8 67
8 68
8 69
8 70
8 71
8 73
8 74
8 75
8 76
8 77
8 80
8 83
8 84
8 85
8 86
8 89
8 91
8 92
8 97
8 99
8 102
8 105
8 107
8 108
8 109
8 110
8 112
8 113
8 114
8 115
8 117
8 118
8 120
8 121
8 122
8 125
8 127
8 130
8 131
8 132
8 133
8 134
8 136
8 138
8 139
8 140
8 142
8 143
8 144
8 147
8 148
8 150
9 10
9 11
9 13
9 14
9 15
9 20
9 21
9 26
9 27
9 28
9 29
9 31
9 33
9 37
9 39
9 40
9 41
9 42
9 46
9 48
9 49
9 53
9 56
9 57
9 59
9 61
9 64
9 66
9 67
9 69
9 71
9 73
9 74
9 75
9 76
9 77
9 78
9 79
9 81
9 84
9 85
9 86
9 87
9 88
9 89
9 91
9 92
9 93
9 94
9 95
9 97
9 100
9 104
9 105
9 107
9 109
9 111
9 113
9 114
9 119
9 121
9 123
9 124
9 125
9 129
9 130
9 131
9 132
9 133
9 134
9 135
9 137
9 142
9 143
9 144
9 145
9 146
9 148
9 149
9 150
10 11
10 12
10 14
10 20
10 21
10 22
10 23
10 24
10 25
10 26
10 27
10 29
10 31
10 32
10 33
10 34
10 37
10 38
10 39
10 42
10 43
10 45
10 47
10 50
10 51
10 52
10 53
10 55
10 57
10 59
10 62
10 64
10 65
10 67
10 70
10 72
10 73
10 75
10 76
10 78
10 81
10 85
10 86
10 90
10 91
10 92
10 93
10 94
10 95
10 96
10 97
10 98
10 99
10 100
10 101
10 102
10 103
10 104
10 105
10 106
10 107
10 108
10 109
10 113
10 114
10 115
10 116
10 117
10 118
10 119
10 120
10 121
10 122
10 123
10 124
10 125
10 127
10 128
10 129
10 130
10 132
10 135
10 136
10 140
10 141
10 143
10 144
10 147
10 149
10 150
11 12
11 13
11 15
11 16
11 17
11 18
11 19
11 21
11 23
11 25
11 26
11 30
11 31
11 33
11 37
11 39
11 40
11 41
11 44
11 46
11 48
11 50
11 53
11 55
11 58
11 61
11 62
11 63
11 64
11 65
11 66
11 67
11 68
11 69
11 71
11 72
11 73
11 74
11 75
11 76
11 78
11 80
11 81
11 82
11 83
11 84
11 85
11 86
11 88
11 89
11 91
11 95
11 97
11 98
11 99
11 100
11 102
11 103
11 104
11 106
11 107
11 109
11 110
11 111
11 113
11 116
11 117
11 119
11 120
11 121
11 122
11 124
11 126
11 128
11 129
11 134
11 136
11 137
11 138
11 139
11 140
11 142
11 143
11 144
11 145
11 146
12 13
12 14
12 15
12 16
12 17
12 18
12 19
12 20
12 21
12 24
12 25
12 27
12 29
12 30
12 31
12 33
12 34
12 35
12 36
12 37
12 40
12 41
12 42
12 45
12 47
12 49
12 51
12 54
12 56
12 57
12 59
12 62
12 64
12 65
12 68
12 69
12 70
12 71
12 72
12 73
12 74
12 75
12 76
12 78
12 79
12 83
12 89
12 91
12 96
12 97
12 98
12 99
12 100
12 103
12 104
12 105
12 107
12 109
12 110
12 114
12 116
12 117
12 118
12 119
12 120
12 121
12 122
12 124
12 125
12 126
12 127
12 128
12 130
12 131
12 133
12 134
12 136
12 137
12 139
12 141
12 143
12 145
12 147
12 148
12 150
13 14
13 15
13 17
13 20
13 21
13 22
13 23
13 25
13 29
13 30
13 31
13 32
13 34
13 35
13 37
13 40
13 42
13 43
13 44
13 46
13 49
13 50
13 53
13 54
13 56
13 57
13 59
13 60
13 61
13 62
13 63
13 70
13 71
13 72
13 74
13 75
13 78
13 79
13 80
13 81
13 82
13 86
13 88
13 89
13 94
13 95
13 96
13 97
13 98
13 100
13 102
13 103
13 105
13 106
13 108
13 109
13 110
13 111
13 113
13 114
13 118
13 122
13 123
13 124
13 125
13 127
13 130
13 133
13 135
13 138
13 139
13 141
13 144
13 146
13 147
13 149
13 150
14 15
14 16
14 17
14 18
14 19
14 20
14 21
14 22
14 24
14 25
14 26
14 28
14 29
14 30
14 31
14 34
14 37
14 38
14 39
14 41
14 42
14 43
14 44
14 46
14 50
14 51
14 52
14 54
14 55
14 56
14 57
14 58
14 59
14 61
14 62
14 63
14 65
14 68
14 69
14 70
14 71
14 72
14 76
14 80
14 81
14 82
14 83
14 84
14 87
14 90
14 92
14 94
14 95
14 96
14 98
14 99
14 100
14 102
14 103
14 104
14 108
14 109
14 110
14 111
14 113
14 114
14 115
14 116
14 117
14 118
14 120
14 121
14 122
14 123
14 124
14 128
14 130
14 131
14 132
14 133
14 134
14 136
14 138
14 139
14 140
14 142
14 143
14 145
14 146
14 149
15 16
15 19
15 20
15 22
15 23
15 25
15 26
15 29
15 30
15 31
15 32
15 33
15 35
15 36
15 38
15 39
15 40
15 41
15 43
15 45
15 46
15 47
15 48
15 49
15 50
15 51
15 52
15 54
15 60
15 61
15 62
15 64
15 65
15 66
15 67
15 68
15 71
15 73
15 77
15 79
15 82
15 84
15 87
15 90
15 91
15 95
15 98
15 99
15 100
15 103
15 104
15 105
15 106
15 107
15 108
15 109
15 110
15 112
15 113
15 117
15 118
15 119
15 125
15 127
15 128
15 129
15 130
15 131
15 136
15 141
15 142
15 143
15 144
15 146
15 150
16 19
16 23
16 24
16 26
16 28
16 30
16 32
16 36
16 37
16 38
16 39
16 40
16 41
16 42
16 43
16 47
16 48
16 49
16 50
16 51
16 55
16 56
16 58
16 59
16 61
16 62
16 63
16 65
16 67
16 68
16 70
16 71
16 73
16 75
16 76
16 77
16 78
16 82
16 83
16 84
16 85
16 86
16 88
16 89
16 90
16 91
16 94
16 95
16 96
16 97
16 98
16 100
16 101
16 102
16 104
16 105
16 106
16 108
16 109
16 110
16 111
16 112
16 113
16 114
16 117
16 118
16 119
16 121
16 122
16 125
16 126
16 128
16 130
16 131
16 134
16 139
16 141
16 145
16 146
16 148
17 19
17 22
17 23
17 24
17 25
17 26
17 27
17 31
17 32
17 33
17 34
17 35
17 39
17 40
17 41
17 42
17 43
17 44
17 45
17 46
17 48
17 49
17 50
17 53
17 55
17 56
17 60
17 62
17 63
17 64
17 66
17 68
17 70
17 72
17 73
17 75
17 76
17 82
17 83
17 84
17 85
17 86
17 89
17 90
17 93
17 94
17 97
17 99
17 101
17 102
17 103
17 104
17 105
17 107
17 108
17 109
17 113
17 114
17 115
17 116
17 121
17 122
17 123
17 126
17 130
17 131
17 133
17 136
17 137
17 138
17 139
17 140
17 143
17 144
17 145
17 148
18 19
18 20
18 21
18 25
18 28
18 29
18 40
18 41
18 42
18 43
18 45
18 46
18 48
18 49
18 53
18 57
18 58
18 59
18 60
18 63
18 65
18 66
18 67
18 69
18 71
18 72
18 73
18 75
18 77
18 79
18 81
18 83
18 84
18 85
18 87
18 88
18 89
18 90
18 92
18 93
18 96
18 98
18 100
18 101
18 103
18 105
18 107
18 110
18 112
18 113
18 114
18 115
18 116
18 117
18 119
18 122
18 124
18 125
18 126
18 127
18 128
18 130
18 131
18 133
18 134
18 137
18 139
18 140
18 143
18 144
18 146
18 148
18 149
18 150
19 21
19 23
19 24
19 25
19 29
19 31
19 32
19 33
19 34
19 35
19 38
19 41
19 43
19 45
19 47
19 48
19 49
19 50
19 51
19 52
19 53
19 54
19 56
19 57
19 58
19 59
19 61
19 62
19 67
19 68
19 69
19 71
19 72
19 73
19 75
19 76
19 77
19 78
19 79
19 80
19 82
19 84
19 86
19 89
19 90
19 91
19 94
19 96
19 97
19 99
19 100
19 105
19 107
19 109
19 110
19 111
19 114
19 115
19 116
19 117
19 121
19 123
19 124
19 125
19 126
19 127
19 131
19 132
19 135
19 136
19 138
19 140
19 141
19 143
19 145
19 147
19 149
20 23
20 24
20 25
20 27
20 28
20 30
20 31
20 32
20 34
20 36
20 37
20 38
20 40
20 41
20 42
20 43
20 44
20 47
20 48
20 49
20 52
20 53
20 54
20 55
20 56
20 58
20 61
20 63
20 64
20 67
20 68
20 70
20 71
20 72
20 75
20 77
20 79
20 80
20 83
20 84
20 87
20 89
20 92
20 93
20 94
20 95
20 98
20 99
20 101
20 102
20 104
20 105
20 108
20 109
20 113
20 116
20 117
20 118
20 121
20 127
20 129
20 130
20 135
20 137
20 138
20 139
20 140
20 141
20 143
20 146
20 149
20 150
21 22
21 24
21 26
21 27
21 28
21 31
21 33
21 35
21 40
21 41
21 44
21 47
21 50
21 51
21 52
21 53
21 62
21 66
21 67
21 69
21 70
21 71
21 72
21 73
21 74
21 75
21 76
21 77
21 78
21 80
21 81
21 82
21 83
21 87
21 88
21 89
21 91
21 92
21 93
21 94
21 95
21 96
21 97
21 98
21 99
21 100
21 101
21 102
21 103
21 105
21 109
21 111
21 117
21 120
21 121
21 122
21 125
21 127
21 128
21 130
21 131
21 133
21 135
21 136
21 137
21 141
21 142
21 143
21 150
22 23
22 24
22 25
22 26
22 28
22 29
22 30
22 31
22 32
22 34
22 35
22 37
22 41
22 43
22 45
22 47
22 48
22 50
22 51
22 53
22 54
22 55
22 56
22 58
22 60
22 65
22 67
22 68
22 69
22 70
22 71
22 72
22 74
22 77
22 78
22 80
22 81
22 82
22 84
22 85
22 91
22 92
22 93
22 94
22 95
22 97
22 98
22 99
22 101
22 104
22 105
22 107
22 108
22 109
22 110
22 111
22 112
22 113
22 114
22 115
22 117
22 119
22 122
22 123
22 124
22 125
22 126
22 130
22 131
22 132
22 134
22 135
22 136
22 137
22 138
22 139
22 140
22 141
22 143
22 144
22 146
22 148
22 149
23 25
23 26
23 27
23 28
23 29
23 34
23 35
23 36
23 37
23 42
23 43
23 44
23 45
23 46
23 47
23 48
23 49
23 51
23 52
23 53
23 54
23 56
23 58
23 61
23 62
23 63
23 65
23 68
23 69
23 71
23 72
23 74
23 75
23 77
23 78
23 79
23 80
23 82
23 83
23 84
23 86
23 87
23 90
23 91
23 92
23 93
23 95
23 96
23 97
23 98
23 100
23 101
23 102
23 103
23 104
23 106
23 107
23 108
23 111
23 112
23 113
23 116
23 121
23 123
23 125
23 126
23 127
23 128
23 129
23 130
23 131
23 133
23 134
23 135
23 136
23 137
23 139
23 141
23 142
23 143
23 144
23 150
24 25
24 26
24 27
24 28
24 31
24 32
24 36
24 37
24 38
24 39
24 41
24 43
24 44
24 47
24 48
24 49
24 52
24 53
24 54
24 56
24 58
24 59
24 60
24 63
24 65
24 66
24 67
24 68
24 69
24 70
24 76
24 78
24 79
24 80
24 81
24 82
24 85
24 87
24 88
24 89
24 91
24 92
24 93
24 94
24 95
24 96
24 99
24 101
24 105
24 106
24 109
24 110
24 111
24 112
24 113
24 114
24 115
24 116
24 117
24 118
24 121
24 122
24 123
24 124
24 126
24 127
24 128
24 131
24 133
24 135
24 137
24 138
24 139
24 140
24 141
24 142
24 148
25 26
25 30
25 31
25 32
25 33
25 34
25 35
25 39
25 40
25 42
25 43
25 45
25 46
25 49
25 51
25 52
25 54
25 58
25 59
25 62
25 63
25 64
25 66
25 67
25 73
25 74
25 75
25 77
25 81
25 84
25 85
25 86
25 87
25 89
25 90
25 91
25 92
25 94
25 97
25 99
25 100
25 101
25 102
25 104
25 105
25 106
25 107
25 109
25 110
25 111
25 113
25 115
25 116
25 117
25 118
25 119
25 120
25 121
25 122
25 123
25 124
25 125
25 127
25 129
25 130
25 133
25 136
25 137
25 138
25 139
25 141
25 143
25 145
25 146
25 147
25 148
25 150
26 27
26 28
26 31
26 32
26 34
26 36
26 38
26 41
26 42
26 44
26 45
26 47
26 49
26 51
26 52
26 53
26 54
26 55
26 56
26 58
26 59
26 61
26 62
26 64
26 65
26 66
26 71
26 72
26 73
26 74
26 76
26 77
26 78
26 80
26 81
26 82
26 85
26 86
26 87
26 89
26 91
26 94
26 95
26 97
26 98
26 99
26 102
26 103
26 106
26 107
26 109
26 110
26 111
26 113
26 114
26 115
26 116
26 117
26 120
26 121
26 122
26 125
26 126
26 127
26 128
26 129
26 130
26 131
26 132
26 133
26 134
26 135
26 137
26 138
26 139
26 140
26 141
26 146
26 149
27 28
27 29
27 32
27 34
27 35
27 36
27 37
27 38
27 39
27 40
27 43
27 44
27 45
27 46
27 47
27 50
27 52
27 55
27 57
27 58
27 59
27 63
27 65
27 67
27 69
27 70
27 72
27 74
27 76
27 77
27 79
27 81
27 82
27 84
27 87
27 88
27 90
27 91
27 92
27 93
27 95
27 96
27 98
27 99
27 100
27 101
27 102
27 103
27 108
27 112
27 113
27 118
27 119
27 121
27 122
27 124
27 125
27 126
27 128
27 129
27 130
27 132
27 135
27 136
27 137
27 138
27 139
27 140
27 141
27 143
27 144
27 145
27 148
28 29
28 30
28 31
28 32
28 33
28 35
28 37
28 38
28 39
28 41
28 43
28 44
28 45
28 46
28 49
28 51
28 52
28 54
28 56
28 57
28 59
28 61
28 62
28 64
28 65
28 68
28 69
28 70
28 71
28 74
28 76
28 77
28 78
28 79
28 81
28 83
28 84
28 86
28 87
28 90
28 91
28 92
28 93
28 94
28 96
28 97
28 98
28 100
28 101
28 103
28 106
28 107
28 110
28 112
28 113
28 116
28 117
28 119
28 120
28 121
28 123
28 126
28 127
28 128
28 130
28 131
28 132
28 133
28 134
28 135
28 136
28 138
28 139
28 144
28 147
28 149
28 150
29 31
29 32
29 33
29 35
29 37
29 40
29 43
29 45
29 46
29 47
29 48
29 49
29 50
29 51
29 52
29 54
29 55
29 56
29 57
29 58
29 59
29 60
29 61
29 62
29 63
29 64
29 65
29 66
29 67
29 69
29 70
29 71
29 72
29 74
29 77
29 78
29 80
29 82
29 84
29 85
29 86
29 87
29 88
29 89
29 93
29 94
29 95
29 97
29 98
29 101
29 102
29 107
29 109
29 110
29 111
29 112
29 113
29 114
29 115
29 116
29 117
29 119
29 121
29 122
29 124
29 125
29 126
29 129
29 131
29 132
29 133
29 137
29 140
29 141
29 143
29 144
29 146
29 147
29 148
29 149
30 31
30 32
30 33
30 34
30 35
30 36
30 37
30 38
30 40
30 42
30 48
30 49
30 50
30 51
30 54
30 55
30 59
30 60
30 61
30 64
30 65
30 66
30 67
30 68
30 71
30 73
30 74
30 77
30 80
30 81
30 83
30 84
30 89
30 90
30 91
30 95
30 97
30 98
30 101
30 102
30 103
30 104
30 106
30 108
30 109
30 112
30 114
30 115
30 116
30 117
30 119
30 120
30 121
30 125
30 129
30 130
30 131
30 132
30 133
30 134
30 136
30 137
30 140
30 141
30 144
30 145
30 147
30 149
30 150
31 33
31 34
31 36
31 37
31 38
31 39
31 41
31 42
31 44
31 45
31 46
31 48
31 50
31 54
31 55
31 56
31 57
31 58
31 60
31 61
31 62
31 67
31 68
31 69
31 70
31 71
31 72
31 74
31 76
31 77
31 80
31 82
31 84
31 86
31 87
31 89
31 91
31 92
31 93
31 95
31 96
31 98
31 99
31 101
31 102
31 103
31 104
31 105
31 107
31 108
31 110
31 112
31 113
31 115
31 119
31 121
31 122
31 123
31 127
31 129
31 130
31 131
31 133
31 134
31 135
31 136
31 137
31 138
31 139
31 140
31 141
31 143
31 144
31 145
31 148
32 34
32 38
32 40
32 41
32 43
32 44
32 45
32 46
32 48
32 49
32 53
32 54
32 56
32 60
32 61
32 62
32 64
32 65
32 66
32 68
32 69
32 70
32 71
32 73
32 76
32 77
32 78
32 79
32 84
32 87
32 88
32 90
32 93
32 95
32 96
32 97
32 101
32 103
32 104
32 108
32 109
32 110
32 114
32 115
32 116
32 117
32 118
32 119
32 121
32 122
32 123
32 127
32 128
32 129
32 130
32 131
32 134
32 136
32 141
32 143
32 145
32 146
32 149
32 150
33 34
33 35
33 36
33 38
33 39
33 40
33 42
33 43
33 44
33 45
33 46
33 47
33 48
33 49
33 50
33 52
33 53
33 54
33 55
33 56
33 58
33 59
33 60
33 62
33 63
33 64
33 65
33 67
33 68
33 69
33 70
33 71
33 72
33 76
33 80
33 83
33 84
33 87
33 88
33 91
33 92
33 93
33 97
33 102
33 103
33 104
33 105
33 106
33 107
33 110
33 111
33 114
33 117
33 118
33 119
33 121
33 123
33 124
33 126
33 128
33 130
33 131
33 133
33 135
33 136
33 137
33 138
33 139
33 141
33 143
33 144
33 147
33 148
33 150
34 39
34 40
34 41
34 42
34 43
34 44
34 45
34 47
34 48
34 50
34 52
34 54
34 55
34 56
34 58
34 59
34 60
34 61
34 62
34 63
34 66
34 69
34 71
34 72
34 73
34 74
34 75
34 77
34 78
34 79
34 82
34 85
34 86
34 87
34 89
34 90
34 92
34 94
34 95
34 98
34 99
34 100
34 101
34 102
34 103
34 104
34 106
34 108
34 109
34 110
34 111
34 112
34 114
34 116
34 117
34 119
34 124
34 125
34 127
34 128
34 131
34 134
34 135
34 136
34 138
34 139
34 140
34 142
34 145
34 146
34 150
35 36
35 37
35 38
35 39
35 43
35 44
35 45
35 47
35 48
35 49
35 51
35 52
35 53
35 54
35 55
35 56
35 58
35 60
35 63
35 64
35 65
35 67
35 68
35 71
35 72
35 74
35 76
35 79
35 80
35 81
35 82
35 85
35 86
35 88
35 89
35 91
35 93
35 97
35 101
35 104
35 105
35 106
35 108
35 112
35 113
35 114
35 116
35 117
35 120
35 121
35 122
35 123
35 124
35 125
35 126
35 127
35 128
35 135
35 137
35 140
35 144
35 145
35 149
35 150
36 39
36 40
36 41
36 43
36 44
36 45
36 47
36 48
36 49
36 52
36 53
36 54
36 56
36 60
36 61
36 62
36 63
36 64
36 66
36 70
36 73
36 74
36 76
36 77
36 81
36 82
36 85
36 86
36 88
36 90
36 93
36 94
36 96
36 97
36 100
36 101
36 102
36 103
36 107
36 108
36 111
36 112
36 114
36 115
36 116
36 117
36 118
36 119
36 121
36 123
36 124
36 126
36 127
36 130
36 133
36 134
36 136
36 137
36 139
36 141
36 143
36 144
36 145
36 146
36 148
36 149
36 150
37 39
37 40
37 42
37 44
37 48
37 50
37 51
37 55
37 56
37 57
37 58
37 59
37 61
37 62
37 64
37 65
37 69
37 70
37 71
37 72
37 73
37 76
37 80
37 82
37 83
37 86
37 87
37 88
37 92
37 93
37 94
37 95
37 96
37 97
37 98
37 100
37 101
37 104
37 105
37 109
37 110
37 112
37 114
37 115
37 116
37 119
37 122
37 124
37 125
37 128
37 129
37 130
37 132
37 134
37 135
37 138
37 139
37 140
37 141
37 143
37 145
37 146
37 147
38 39
38 40
38 42
38 43
38 45
38 46
38 47
38 53
38 56
38 58
38 60
38 62
38 65
38 66
38 67
38 69
38 70
38 71
38 72
38 74
38 75
38 77
38 78
38 79
38 82
38 83
38 84
38 85
38 88
38 89
38 91
38 92
38 93
38 97
38 98
38 101
38 103
38 104
38 107
38 109
38 110
38 111
38 112
38 114
38 117
38 120
38 124
38 125
38 127
38 128
38 129
38 130
38 132
38 134
38 135
38 136
38 138
38 140
38 142
38 143
38 144
38 146
38 147
38 148
38 149
38 150
39 40
39 43
39 44
39 50
39 52
39 53
39 55
39 57
39 58
39 60
39 62
39 64
39 66
39 67
39 68
39 69
39 71
39 72
39 74
39 77
39 78
39 80
39 81
39 84
39 85
39 86
39 88
39 89
39 90
39 93
39 94
39 95
39 96
39 99
39 104
39 105
39 106
39 107
39 108
39 109
39 110
39 111
39 112
39 113
39 114
39 115
39 116
39 117
39 118
39 120
39 121
39 122
39 123
39 124
39 125
39 128
39 130
39 131
39 134
39 135
39 136
39 138
39 142
39 143
39 144
39 145
39 147
39 148
39 149
40 41
40 42
40 44
40 45
40 46
40 47
40 49
40 50
40 51
40 52
40 56
40 57
40 59
40 60
40 61
40 62
40 65
40 67
40 70
40 73
40 75
40 76
40 77
40 78
40 79
40 82
40 85
40 86
40 88
40 89
40 92
40 93
40 94
40 95
40 96
40 99
40 100
40 101
40 102
40 103
40 104
40 107
40 110
40 111
40 113
40 114
40 115
40 117
40 119
40 120
40 123
40 125
40 126
40 127
40 129
40 130
40 131
40 133
40 134
40 135
40 136
40 138
40 139
40 140
40 142
40 144
40 145
40 147
41 42
41 45
41 46
41 48
41 49
41 50
41 51
41 52
41 54
41 55
41 56
41 57
41 61
41 62
41 63
41 65
41 66
41 67
41 70
41 71
41 72
41 75
41 77
41 79
41 81
41 83
41 84
41 85
41 86
41 87
41 90
41 93
41 94
41 96
41 97
41 98
41 99
41 100
41 105
41 107
41 108
41 109
41 113
41 114
41 115
41 117
41 118
41 119
41 120
41 121
41 122
41 123
41 124
41 126
41 128
41 129
41 130
41 132
41 133
41 134
41 136
41 137
41 138
41 139
41 140
41 141
41 143
41 144
41 145
41 148
41 149
41 150
42 43
42 44
42 46
42 48
42 49
42 50
42 52
42 53
42 55
42 57
42 59
42 60
42 61
42 63
42 64
42 65
42 66
42 67
42 70
42 72
42 73
42 75
42 78
42 80
42 81
42 84
42 85
42 87
42 88
42 89
42 91
42 92
42 93
42 95
42 96
42 97
42 98
42 101
42 103
42 105
42 106
42 110
42 112
42 113
42 114
42 116
42 118
42 119
42 121
42 122
42 123
42 124
42 125
42 126
42 128
42 130
42 131
42 133
42 134
42 138
42 139
42 141
42 142
42 143
42 146
42 148
42 149
42 150
43 45
43 47
43 49
43 50
43 51
43 52
43 53
43 55
43 57
43 59
43 60
43 61
43 62
43 63
43 64
43 66
43 68
43 70
43 72
43 73
43 74
43 76
43 78
43 79
43 81
43 83
43 84
43 85
43 89
43 90
43 91
43 93
43 94
43 96
43 98
43 99
43 100
43 102
43 103
43 106
43 108
43 109
43 110
43 111
43 113
43 115
43 116
43 119
43 120
43 123
43 125
43 128
43 129
43 131
43 132
43 133
43 134
43 136
43 137
43 138
43 140
43 141
43 142
43 145
43 147
43 148
43 149
43 150
44 46
44 47
44 48
44 50
44 51
44 52
44 53
44 56
44 59
44 60
44 62
44 66
44 67
44 69
44 72
44 73
44 76
44 80
44 82
44 83
44 85
44 86
44 87
44 89
44 90
44 91
44 92
44 94
44 95
44 96
44 97
44 98
44 100
44 101
44 106
44 109
44 117
44 118
44 119
44 121
44 123
44 126
44 128
44 130
44 131
44 133
44 134
44 140
44 141
44 145
44 146
45 48
45 49
45 53
45 54
45 55
45 59
45 60
45 62
45 63
45 64
45 65
45 72
45 73
45 75
45 79
45 80
45 81
45 85
45 92
45 94
45 95
45 96
45 97
45 98
45 99
45 101
45 103
45 105
45 107
45 109
45 112
45 113
45 114
45 118
45 120
45 121
45 122
45 123
45 124
45 127
45 129
45 130
45 131
45 132
45 138
45 139
45 140
45 141
45 142
45 147
45 149
45 150
46 48
46 49
46 50
46 52
46 53
46 54
46 55
46 58
46 59
46 60
46 61
46 62
46 63
46 64
46 69
46 73
46 74
46 76
46 79
46 83
46 84
46 85
46 86
46 87
46 89
46 92
46 93
46 95
46 96
46 99
46 100
46 102
46 103
46 104
46 105
46 107
46 108
46 110
46 111
46 112
46 113
46 117
46 120
46 121
46 124
46 125
46 128
46 130
46 131
46 135
46 139
46 140
46 141
46 143
46 144
46 145
46 147
46 148
46 149
47 49
47 51
47 53
47 56
47 57
47 58
47 60
47 62
47 65
47 66
47 68
47 69
47 70
47 74
47 75
47 76
47 77
47 78
47 79
47 81
47 82
47 84
47 85
47 86
47 88
47 89
47 90
47 93
47 94
47 95
47 96
47 97
47 98
47 99
47 100
47 102
47 103
47 104
47 105
47 106
47 107
47 109
47 110
47 111
47 112
47 114
47 115
47 116
47 119
47 122
47 123
47 127
47 128
47 129
47 130
47 131
47 132
47 137
47 140
47 143
47 144
47 145
47 146
47 147
47 148
48 49
48 52
48 55
48 56
48 57
48 58
48 59
48 60
48 61
48 64
48 66
48 67
48 68
48 70
48 71
48 77
48 78
48 79
48 80
48 81
48 82
48 86
48 88
48 89
48 90
48 91
48 93
48 94
48 95
48 97
48 99
48 100
48 101
48 102
48 103
48 104
48 106
48 110
48 111
48 121
48 124
48 125
48 127
48 128
48 130
48 131
48 132
48 133
48 135
48 136
48 139
48 140
48 141
48 143
48 144
48 145
48 146
48 147
48 148
48 150
49 50
49 52
49 56
49 57
49 59
49 60
49 65
49 66
49 70
49 71
49 72
49 73
49 75
49 77
49 78
49 80
49 81
49 83
49 85
49 86
49 87
49 88
49 90
49 92
49 94
49 95
49 97
49 98
49 99
49 102
49 103
49 104
49 105
49 108
49 109
49 111
49 112
49 117
49 121
49 122
49 123
49 125
49 126
49 129
49 130
49 131
49 134
49 135
49 136
49 142
49 143
49 144
49 145
49 146
49 149
50 51
50 52
50 53
50 54
50 56
50 57
50 59
50 60
50 64
50 65
50 66
50 68
50 69
50 71
50 72
50 74
50 78
50 81
50 82
50 83
50 84
50 89
50 90
50 91
50 92
50 94
50 95
50 98
50 99
50 101
50 102
50 103
50 104
50 105
50 106
50 107
50 108
50 109
50 110
50 111
50 113
50 116
50 117
50 119
50 122
50 123
50 124
50 127
50 130
50 131
50 132
50 133
50 134
50 135
50 137
50 138
50 140
50 141
50 142
50 145
50 147
50 148
50 149
51 52
51 53
51 54
51 57
51 61
51 62
51 63
51 64
51 66
51 69
51 70
51 71
51 72
51 79
51 82
51 83
51 84
51 85
51 87
51 88
51 89
51 90
51 91
51 93
51 95
51 96
51 98
51 101
51 104
51 105
51 107
51 108
51 109
51 111
51 112
51 113
51 114
51 115
51 116
51 117
51 118
51 119
51 120
51 121
51 123
51 124
51 125
51 126
51 127
51 128
51 129
51 130
51 132
51 133
51 135
51 136
51 138
51 139
51 140
51 141
51 142
51 143
51 144
51 145
51 147
51 150
52 53
52 55
52 56
52 57
52 59
52 61
52 64
52 65
52 67
52 68
52 69
52 71
52 73
52 75
52 76
52 78
52 79
52 81
52 82
52 83
52 85
52 86
52 87
52 88
52 89
52 90
52 91
52 92
52 95
52 97
52 98
52 100
52 101
52 103
52 104
52 105
52 106
52 109
52 110
52 113
52 117
52 120
52 121
52 125
52 128
52 129
52 132
52 133
52 135
52 136
52 137
52 138
52 140
52 141
52 143
52 145
52 146
52 147
52 148
53 54
53 55
53 57
53 59
53 60
53 61
53 63
53 65
53 66
53 67
53 68
53 69
53 70
53 71
53 72
53 74
53 78
53 79
53 80
53 81
53 85
53 87
53 89
53 91
53 92
53 95
53 96
53 97
53 98
53 99
53 100
53 101
53 102
53 103
53 106
53 107
53 108
53 109
53 110
53 112
53 113
53 115
53 117
53 118
53 119
53 120
53 121
53 122
53 123
53 130
53 131
53 132
53 133
53 134
53 136
53 137
53 139
53 140
53 142
53 144
53 145
53 146
53 147
53 149
53 150
54 56
54 57
54 61
54 64
54 65
54 66
54 67
54 68
54 69
54 71
54 72
54 74
54 75
54 77
54 78
54 80
54 81
54 82
54 85
54 88
54 89
54 90
54 91
54 92
54 93
54 95
54 96
54 99
54 100
54 101
54 104
54 108
54 109
54 110
54 113
54 114
54 115
54 117
54 118
54 119
54 120
54 121
54 123
54 126
54 128
54 129
54 131
54 132
54 133
54 134
54 135
54 136
54 137
54 139
54 140
54 141
54 142
54 145
54 146
54 147
54 148
55 56
55 58
55 60
55 62
55 63
55 71
55 72
55 75
55 76
55 77
55 78
55 80
55 81
55 83
55 84
55 86
55 87
55 93
55 94
55 95
55 97
55 98
55 101
55 102
55 103
55 104
55 105
55 108
55 109
55 110
55 112
55 113
55 114
55 115
55 117
55 118
55 120
55 122
55 123
55 124
55 125
55 126
55 127
55 128
55 129
55 131
55 132
55 133
55 135
55 136
55 137
55 138
55 140
55 141
55 143
55 147
55 148
55 149
55 150
56 57
56 58
56 59
56 62
56 69
56 70
56 73
56 74
56 75
56 77
56 78
56 80
56 81
56 82
56 84
56 85
56 89
56 91
56 92
56 95
56 96
56 97
56 98
56 99
56 100
56 102
56 105
56 106
56 108
56 110
56 111
56 112
56 115
56 117
56 123
56 124
56 125
56 126
56 127
56 128
56 129
56 131
56 132
56 133
56 134
56 136
56 137
56 138
56 140
56 141
56 143
56 144
56 145
56 146
56 148
56 149
56 150
57 58
57 59
57 60
57 63
57 64
57 65
57 67
57 70
57 71
57 73
57 74
57 75
57 76
57 77
57 79
57 82
57 83
57 85
57 87
57 90
57 93
57 94
57 97
57 99
57 100
57 101
57 103
57 105
57 107
57 111
57 112
57 114
57 116
57 117
57 119
57 120
57 121
57 122
57 123
57 124
57 127
57 130
57 131
57 132
57 134
57 136
57 137
57 138
57 139
57 141
57 144
57 145
57 146
57 147
57 148
57 149
57 150
58 61
58 62
58 63
58 64
58 66
58 73
58 74
58 75
58 76
58 80
58 81
58 82
58 83
58 85
58 86
58 88
58 92
58 93
58 94
58 95
58 96
58 97
58 98
58 99
58 100
58 102
58 103
58 104
58 105
58 106
58 107
58 108
58 109
58 110
58 113
58 114
58 115
58 116
58 117
58 119
58 120
58 123
58 125
58 131
58 134
58 136
58 137
58 139
58 140
58 142
58 143
58 145
58 148
59 61
59 62
59 63
59 64
59 65
59 66
59 68
59 71
59 72
59 75
59 78
59 79
59 81
59 82
59 83
59 86
59 90
59 91
59 92
59 93
59 95
59 96
59 98
59 99
59 100
59 101
59 104
59 105
59 107
59 109
59 110
59 111
59 112
59 113
59 115
59 117
59 119
59 120
59 121
59 122
59 127
59 128
59 132
59 133
59 135
59 136
59 137
59 138
59 140
59 141
59 142
59 143
59 144
59 145
59 146
59 148
60 62
60 63
60 65
60 66
60 67
60 69
60 70
60 71
60 72
60 73
60 76
60 77
60 83
60 84
60 90
60 91
60 93
60 97
60 101
60 102
60 104
60 105
60 106
60 108
60 109
60 112
60 113
60 114
60 117
60 120
60 121
60 124
60 125
60 128
60 129
60 131
60 134
60 135
60 137
60 138
60 140
60 142
60 143
60 144
60 146
60 148
61 63
61 64
61 65
61 66
61 67
61 68
61 69
61 71
61 72
61 74
61 75
61 77
61 78
61 79
61 84
61 85
61 86
61 87
61 93
61 94
61 95
61 96
61 97
61 98
61 102
61 105
61 108
61 111
61 112
61 113
61 117
61 118
61 119
61 121
61 122
61 124
61 126
61 127
61 134
61 135
61 136
61 137
61 138
61 140
61 141
61 143
61 145
61 147
61 148
61 149
62 63
62 64
62 67
62 68
62 70
62 74
62 75
62 76
62 78
62 79
62 80
62 82
62 89
62 92
62 94
62 97
62 98
62 99
62 100
62 104
62 105
62 108
62 109
62 110
62 111
62 114
62 115
62 118
62 120
62 121
62 122
62 123
62 124
62 127
62 128
62 130
62 134
62 135
62 137
62 140
62 142
62 144
62 146
62 148
63 65
63 67
63 68
63 69
63 74
63 75
63 79
63 80
63 81
63 83
63 85
63 86
63 88
63 92
63 93
63 94
63 96
63 97
63 98
63 101
63 103
63 106
63 108
63 111
63 113
63 114
63 117
63 120
63 121
63 122
63 123
63 127
63 134
63 136
63 137
63 138
63 139
63 141
63 142
63 143
63 144
63 145
63 148
63 149
64 65
64 66
64 67
64 68
64 71
64 73
64 74
64 75
64 77
64 78
64 79
64 82
64 86
64 87
64 88
64 89
64 91
64 92
64 93
64 94
64 95
64 97
64 99
64 100
64 101
64 102
64 104
64 105
64 107
64 110
64 111
64 113
64 115
64 116
64 117
64 118
64 120
64 121
64 122
64 126
64 127
64 128
64 130
64 131
64 132
64 134
64 135
64 136
64 137
64 139
64 140
64 144
64 145
64 149
64 150
65 67
65 68
65 70
65 71
65 72
65 73
65 74
65 76
65 77
65 78
65 80
65 81
65 82
65 84
65 85
65 87
65 89
65 91
65 92
65 95
65 98
65 100
65 101
65 104
65 105
65 107
65 108
65 109
65 110
65 111
65 112
65 113
65 115
65 119
65 122
65 125
65 126
65 127
65 131
65 134
65 135
65 136
65 137
65 140
65 141
65 143
65 144
65 147
65 148
65 150
66 67
66 71
66 78
66 83
66 89
66 90
66 91
66 93
66 95
66 96
66 97
66 98
66 100
66 101
66 103
66 104
66 105
66 106
66 108
66 109
66 110
66 114
66 115
66 117
66 118
66 120
66 121
66 122
66 124
66 125
66 126
66 127
66 128
66 129
66 130
66 131
66 132
66 133
66 135
66 136
66 137
66 138
66 139
66 141
66 142
66 144
66 145
66 146
66 147
66 149
66 150
67 68
67 69
67 72
67 73
67 74
67 76
67 77
67 78
67 81
67 84
67 87
67 88
67 89
67 90
67 91
67 92
67 94
67 96
67 99
67 100
67 101
67 103
67 104
67 105
67 106
67 110
67 112
67 116
67 117
67 119
67 121
67 122
67 123
67 126
67 128
67 129
67 130
67 131
67 133
67 134
67 135
67 136
67 138
67 139
67 140
67 141
67 142
67 143
67 144
67 145
67 146
67 148
67 149
68 69
68 70
68 72
68 73
68 74
68 75
68 76
68 78
68 80
68 82
68 83
68 85
68 86
68 88
68 90
68 91
68 94
68 97
68 98
68 99
68 102
68 104
68 105
68 106
68 107
68 113
68 116
68 117
68 119
68 120
68 121
68 123
68 124
68 125
68 129
68 133
68 135
68 137
68 138
68 139
68 140
68 141
68 145
68 147
68 148
68 149
69 70
69 71
69 72
69 73
69 74
69 75
69 78
69 81
69 83
69 84
69 85
69 87
69 88
69 90
69 92
69 94
69 95
69 98
69 100
69 102
69 106
69 108
69 112
69 114
69 115
69 116
69 119
69 120
69 122
69 124
69 125
69 126
69 128
69 129
69 132
69 133
69 134
69 135
69 137
69 138
69 139
69 142
69 143
69 147
69 148
70 72
70 73
70 74
70 75
70 77
70 80
70 82
70 84
70 85
70 86
70 87
70 88
70 89
70 90
70 91
70 94
70 96
70 97
70 98
70 100
70 102
70 103
70 104
70 106
70 108
70 111
70 112
70 113
70 114
70 116
70 118
70 123
70 124
70 125
70 127
70 129
70 131
70 132
70 138
70 139
70 141
70 143
70 144
70 147
70 148
70 149
71 72
71 73
71 75
71 76
71 77
71 78
71 80
71 82
71 85
71 86
71 87
71 88
71 89
71 91
71 92
71 93
71 94
71 98
71 99
71 101
71 102
71 105
71 106
71 110
71 111
71 115
71 117
71 118
71 121
71 122
71 124
71 127
71 130
71 131
71 132
71 133
71 134
71 136
71 137
71 141
71 142
71 143
71 146
71 147
71 149
72 73
72 74
72 78
72 81
72 83
72 84
72 86
72 88
72 89
72 91
72 92
72 94
72 97
72 98
72 101
72 104
72 105
72 106
72 109
72 110
72 111
72 112
72 113
72 115
72 116
72 118
72 119
72 121
72 122
72 124
72 125
72 127
72 128
72 129
72 130
72 131
72 136
72 137
72 139
72 141
72 142
72 143
72 144
72 146
72 147
72 148
72 150
73 79
73 81
73 85
73 87
73 88
73 90
73 93
73 94
73 96
73 97
73 99
73 101
73 103
73 106
73 107
73 108
73 110
73 111
73 112
73 113
73 114
73 116
73 117
73 118
73 121
73 122
73 123
73 124
73 126
73 129
73 130
73 133
73 135
73 136
73 142
73 144
73 146
73 147
73 148
73 149
73 150
74 75
74 76
74 77
74 80
74 81
74 86
74 87
74 88
74 90
74 92
74 93
74 94
74 95
74 96
74 98
74 99
74 101
74 103
74 104
74 105
74 106
74 110
74 112
74 113
74 114
74 115
74 118
74 120
74 122
74 124
74 126
74 127
74 128
74 129
74 131
74 133
74 135
74 136
74 138
74 139
74 142
74 147
74 148
74 149
74 150
75 77
75 79
75 80
75 81
75 82
75 84
75 85
75 87
75 88
75 90
75 91
75 92
75 93
75 94
75 97
75 98
75 100
75 102
75 106
75 107
75 108
75 109
75 110
75 112
75 113
75 114
75 115
75 116
75 117
75 118
75 121
75 122
75 128
75 131
75 132
75 135
75 136
75 137
75 138
75 139
75 140
75 141
75 142
75 143
75 144
75 145
75 146
75 149
76 79
76 80
76 81
76 82
76 84
76 87
76 88
76 90
76 91
76 92
76 93
76 96
76 97
76 100
76 102
76 106
76 107
76 110
76 112
76 113
76 114
76 116
76 121
76 122
76 124
76 125
76 126
76 128
76 129
76 132
76 133
76 135
76 136
76 138
76 139
76 141
76 142
76 143
76 148
77 79
77 80
77 81
77 82
77 83
77 84
77 86
77 87
77 88
77 90
77 91
77 92
77 93
77 95
77 97
77 98
77 101
77 102
77 103
77 104
77 106
77 109
77 111
77 112
77 115
77 116
77 117
77 118
77 119
77 121
77 122
77 123
77 124
77 127
77 128
77 130
77 131
77 132
77 134
77 135
77 136
77 137
77 138
77 141
77 142
77 143
77 145
77 148
77 150
78 83
78 84
78 85
78 87
78 88
78 89
78 90
78 91
78 92
78 96
78 97
78 98
78 99
78 101
78 102
78 104
78 106
78 107
78 108
78 109
78 110
78 113
78 114
78 116
78 117
78 118
78 122
78 124
78 126
78 127
78 128
78 130
78 132
78 133
78 134
78 135
78 136
78 137
78 138
78 143
78 145
78 148
78 150
79 80
79 83
79 85
79 86
79 87
79 89
79 91
79 94
79 95
79 97
79 98
79 99
79 100
79 101
79 103
79 104
79 105
79 107
79 112
79 114
79 116
79 117
79 120
79 121
79 122
79 123
79 124
79 129
79 130
79 131
79 132
79 133
79 136
79 138
79 139
79 140
79 141
79 142
79 146
79 147
79 149
79 150
80 81
80 83
80 84
80 85
80 86
80 87
80 90
80 91
80 92
80 93
80 95
80 96
80 99
80 101
80 102
80 103
80 104
80 107
80 110
80 112
80 113
80 115
80 116
80 118
80 119
80 120
80 121
80 122
80 123
80 124
80 125
80 128
80 129
80 130
80 131
80 132
80 133
80 134
80 138
80 139
80 140
80 141
80 142
80 143
80 144
80 147
80 148
81 82
81 83
81 85
81 86
81 87
81 89
81 90
81 92
81 93
81 95
81 96
81 97
81 98
81 100
81 101
81 102
81 103
81 104
81 105
81 106
81 109
81 111
81 112
81 113
81 114
81 116
81 119
81 120
81 121
81 122
81 123
81 125
81 128
81 129
81 130
81 131
81 132
81 138
81 139
81 142
81 146
81 147
81 148
82 83
82 85
82 92
82 94
82 95
82 98
82 99
82 101
82 102
82 103
82 104
82 106
82 107
82 110
82 112
82 114
82 115
82 119
82 120
82 122
82 123
82 124
82 125
82 126
82 127
82 128
82 130
82 131
82 132
82 133
82 137
82 138
82 139
82 141
82 142
82 143
82 144
82 145
82 146
82 149
83 84
83 85
83 86
83 87
83 88
83 90
83 91
83 93
83 94
83 95
83 96
83 97
83 98
83 100
83 101
83 103
83 104
83 105
83 106
83 109
83 110
83 111
83 112
83 113
83 114
83 116
83 119
83 120
83 121
83 122
83 123
83 124
83 125
83 127
83 128
83 129
83 132
83 133
83 134
83 137
83 138
83 139
83 140
83 141
83 142
83 146
83 147
83 148
83 150
84 85
84 88
84 89
84 91
84 92
84 94
84 95
84 97
84 98
84 99
84 100
84 102
84 103
84 104
84 105
84 109
84 114
84 116
84 119
84 121
84 122
84 123
84 126
84 128
84 130
84 131
84 132
84 133
84 134
84 135
84 136
84 137
84 141
84 144
84 146
84 148
84 150
85 86
85 88
85 89
85 91
85 93
85 96
85 98
85 99
85 102
85 103
85 105
85 108
85 109
85 110
85 112
85 114
85 115
85 117
85 118
85 119
85 121
85 126
85 128
85 131
85 132
85 134
85 136
85 141
85 143
85 145
85 146
85 147
85 148
85 149
85 150
86 87
86 90
86 91
86 94
86 97
86 98
86 99
86 100
86 101
86 105
86 107
86 108
86 109
86 111
86 112
86 113
86 114
86 115
86 116
86 117
86 119
86 120
86 121
86 123
86 124
86 127
86 129
86 132
86 133
86 136
86 137
86 138
86 140
86 141
86 143
86 144
86 145
86 146
86 147
86 149
86 150
87 92
87 93
87 98
87 101
87 103
87 104
87 106
87 107
87 108
87 109
87 111
87 112
87 115
87 116
87 119
87 123
87 124
87 127
87 128
87 129
87 130
87 133
87 134
87 135
87 136
87 137
87 138
87 139
87 143
87 145
87 148
87 149
87 150
88 89
88 90
88 92
88 93
88 95
88 96
88 97
88 98
88 99
88 100
88 102
88 104
88 108
88 110
88 111
88 113
88 114
88 118
88 119
88 120
88 122
88 124
88 125
88 127
88 131
88 132
88 133
88 134
88 135
88 136
88 138
88 139
88 141
88 143
88 144
88 145
88 146
88 147
88 148
88 149
88 150
89 90
89 91
89 97
89 99
89 101
89 102
89 105
89 106
89 107
89 112
89 113
89 114
89 115
89 116
89 117
89 120
89 121
89 124
89 125
89 126
89 127
89 128
89 130
89 135
89 136
89 137
89 138
89 139
89 140
89 141
89 142
89 144
89 146
89 147
89 149
90 91
90 92
90 93
90 95
90 97
90 99
90 101
90 102
90 103
90 106
90 107
90 109
90 111
90 112
90 115
90 118
90 119
90 120
90 121
90 122
90 123
90 124
90 126
90 129
90 130
90 132
90 133
90 135
90 138
90 139
90 142
90 145
90 147
90 148
90 149
90 150
91 93
91 95
91 97
91 98
91 100
91 101
91 102
91 103
91 104
91 107
91 108
91 109
91 110
91 111
91 112
91 114
91 115
91 116
91 118
91 119
91 121
91 122
91 125
91 126
91 127
91 131
91 132
91 133
91 135
91 136
91 138
91 139
91 140
91 141
91 142
91 143
91 144
91 145
91 147
92 94
92 95
92 96
92 97
92 100
92 101
92 102
92 105
92 109
92 110
92 111
92 113
92 116
92 119
92 121
92 122
92 123
92 124
92 126
92 127
92 128
92 129
92 133
92 135
92 136
92 138
92 139
92 140
92 141
92 143
92 144
92 145
92 146
92 148
92 150
93 94
93 95
93 96
93 97
93 101
93 102
93 103
93 105
93 106
93 107
93 108
93 109
93 111
93 117
93 118
93 121
93 124
93 126
93 128
93 129
93 131
93 133
93 135
93 136
93 139
93 140
93 141
93 145
93 146
93 147
93 150
94 95
94 96
94 98
94 101
94 103
94 106
94 110
94 112
94 113
94 114
94 117
94 118
94 121
94 122
94 127
94 128
94 129
94 130
94 131
94 132
94 133
94 134
94 135
94 137
94 139
94 140
94 141
94 142
94 143
94 145
94 146
94 147
94 148
94 149
95 97
95 99
95 101
95 102
95 103
95 104
95 108
95 110
95 111
95 112
95 113
95 114
95 117
95 119
95 120
95 121
95 122
95 123
95 125
95 127
95 129
95 130
95 131
95 132
95 133
95 137
95 139
95 142
95 146
95 148
95 149
95 150
96 97
96 98
96 100
96 103
96 104
96 107
96 108
96 110
96 111
96 112
96 113
96 114
96 115
96 117
96 118
96 119
96 122
96 124
96 125
96 126
96 129
96 130
96 133
96 136
96 138
96 139
96 140
96 141
96 142
96 143
96 144
96 146
96 147
96 148
96 150
97 98
97 100
97 101
97 102
97 103
97 104
97 105
97 106
97 107
97 108
97 110
97 111
97 112
97 113
97 115
97 118
97 119
97 121
97 122
97 123
97 125
97 127
97 128
97 130
97 131
97 132
97 133
97 134
97 135
97 136
97 137
97 141
97 142
97 144
97 146
97 149
97 150
98 100
98 102
98 104
98 105
98 107
98 108
98 109
98 111
98 113
98 114
98 115
98 116
98 117
98 120
98 122
98 124
98 125
98 126
98 129
98 130
98 131
98 136
98 137
98 139
98 140
98 141
98 142
98 144
98 145
98 147
98 148
98 149
98 150
99 100
99 101
99 102
99 103
99 106
99 109
99 110
99 112
99 113
99 114
99 116
99 117
99 119
99 120
99 121
99 123
99 125
99 127
99 128
99 132
99 133
99 136
99 138
99 139
99 141
99 143
99 144
99 145
99 147
99 148
99 149
99 150
100 101
100 102
100 103
100 104
100 105
100 106
100 114
100 115
100 118
100 119
100 120
100 121
100 122
100 123
100 126
100 127
100 130
100 131
100 133
100 134
100 135
100 136
100 137
100 138
100 139
100 140
100 143
100 144
100 145
100 146
100 148
101 107
101 108
101 112
101 113
101 115
101 118
101 119
101 121
101 123
101 124
101 125
101 127
101 129
101 132
101 135
101 137
101 139
101 142
101 144
101 146
101 147
101 148
101 149
101 150
102 103
102 106
102 107
102 108
102 109
102 110
102 112
102 113
102 114
102 115
102 117
102 118
102 122
102 123
102 124
102 126
102 130
102 132
102 133
102 135
102 136
102 137
102 138
102 139
102 141
102 142
102 144
102 145
102 146
102 147
102 149
103 105
103 107
103 108
103 109
103 111
103 114
103 116
103 119
103 121
103 122
103 123
103 124
103 126
103 127
103 128
103 129
103 130
103 131
103 132
103 136
103 137
103 138
103 140
103 142
103 143
103 144
103 145
103 147
103 148
103 149
103 150
104 106
104 107
104 108
104 110
104 115
104 116
104 119
104 120
104 121
104 126
104 129
104 130
104 133
104 136
104 137
104 138
104 139
104 141
104 142
104 143
104 144
104 145
104 146
104 149
104 150
105 106
105 107
105 115
105 116
105 118
105 123
105 124
105 125
105 126
105 128
105 129
105 132
105 133
105 139
105 140
105 141
105 142
105 143
105 145
105 146
105 147
105 149
106 107
106 108
106 111
106 112
106 114
106 117
106 118
106 119
106 120
106 121
106 122
106 124
106 126
106 127
106 131
106 132
106 133
106 134
106 135
106 136
106 139
106 140
106 142
106 143
106 145
106 146
106 149
106 150
107 108
107 109
107 110
107 111
107 114
107 115
107 116
107 118
107 119
107 120
107 121
107 122
107 124
107 125
107 126
107 128
107 129
107 130
107 133
107 134
107 137
107 141
107 142
107 143
107 144
107 145
107 149
108 109
108 112
108 113
108 115
108 119
108 120
108 121
108 122
108 123
108 124
108 126
108 128
108 129
108 131
108 134
108 139
108 140
108 141
108 142
108 143
108 144
108 145
108 147
108 148
108 149
108 150
109 110
109 111
109 114
109 116
109 117
109 119
109 120
109 121
109 122
109 123
109 125
109 128
109 129
109 133
109 134
109 135
109 137
109 138
109 139
109 141
109 143
109 144
109 145
109 147
109 149
109 150
110 111
110 113
110 116
110 117
110 119
110 120
110 121
110 124
110 125
110 127
110 128
110 129
110 130
110 131
110 135
110 136
110 137
110 139
110 140
110 142
110 144
110 145
110 146
110 147
110 148
110 149
111 112
111 115
111 118
111 121
111 124
111 125
111 126
111 127
111 128
111 129
111 133
111 136
111 137
111 139
111 142
111 143
111 145
111 146
111 147
112 114
112 115
112 117
112 119
112 120
112 122
112 123
112 128
112 129
112 130
112 132
112 135
112 136
112 137
112 139
112 140
112 143
112 145
112 147
112 148
112 149
112 150
113 116
113 117
113 118
113 119
113 122
113 123
113 125
113 127
113 128
113 129
113 130
113 131
113 134
113 135
113 137
113 138
113 139
113 140
113 141
113 142
113 144
113 146
113 147
113 148
114 115
114 116
114 117
114 119
114 120
114 121
114 122
114 123
114 127
114 129
114 130
114 131
114 133
114 134
114 136
114 137
114 138
114 139
114 141
114 143
114 144
114 145
114 146
114 150
115 116
115 122
115 123
115 124
115 126
115 127
115 128
115 129
115 130
115 131
115 135
115 136
115 137
115 138
115 142
115 144
115 145
115 147
115 148
115 149
116 117
116 119
116 120
116 121
116 122
116 123
116 124
116 125
116 127
116 129
116 130
116 131
116 132
116 133
116 134
116 135
116 136
116 137
116 139
116 142
116 145
116 146
116 149
116 150
117 118
117 119
117 121
117 123
117 124
117 125
117 126
117 127
117 130
117 131
117 133
117 134
117 135
117 136
117 137
117 139
117 141
117 142
117 145
117 146
117 147
117 148
117 149
117 150
118 120
118 121
118 122
118 127
118 133
118 135
118 137
118 138
118 139
118 140
118 142
118 143
118 144
118 145
118 147
118 149
119 122
119 124
119 126
119 127
119 128
119 130
119 131
119 132
119 133
119 134
119 136
119 137
119 138
119 139
119 141
119 143
119 147
119 148
119 150
120 121
120 123
120 124
120 126
120 127
120 129
120 131
120 132
120 133
120 134
120 135
120 136
120 137
120 138
120 140
120 141
120 142
120 143
120 145
120 148
121 122
121 124
121 125
121 126
121 127
121 130
121 132
121 133
121 134
121 135
121 136
121 137
121 138
121 140
121 141
121 142
121 143
121 144
121 147
121 148
122 123
122 126
122 129
122 135
122 136
122 137
122 141
122 143
122 144
122 147
122 148
122 149
122 150
123 125
123 126
123 127
123 128
123 129
123 131
123 132
123 135
123 136
123 139
123 141
123 142
123 143
123 147
123 149
123 150
124 125
124 126
124 127
124 128
124 129
124 131
124 132
124 133
124 135
124 137
124 138
124 141
124 142
124 143
124 144
124 145
124 147
124 148
125 126
125 128
125 129
125 132
125 133
125 136
125 137
125 138
125 139
125 140
125 142
125 144
125 147
125 149
126 127
126 129
126 130
126 132
126 134
126 135
126 136
126 137
126 138
126 139
126 142
126 146
126 147
126 148
126 149
127 131
127 133
127 134
127 135
127 136
127 139
127 140
127 142
127 144
127 147
127 148
127 149
127 150
128 129
128 130
128 132
128 134
128 135
128 138
128 139
128 142
128 143
128 145
128 147
128 150
129 132
129 133
129 134
129 136
129 137
129 138
129 139
129 141
129 142
129 143
129 145
129 148
129 149
130 132
130 133
130 135
130 137
130 139
130 140
130 141
130 142
130 143
130 144
130 146
130 147
130 148
130 149
130 150
131 134
131 135
131 136
131 138
131 139
131 140
131 143
131 145
131 147
131 148
132 133
132 134
132 135
132 136
132 139
132 140
132 141
132 142
132 143
132 144
132 146
132 147
132 149
133 134
133 135
133 138
133 140
133 141
133 143
133 145
133 147
133 149
133 150
134 136
134 137
134 138
134 139
134 144
134 148
135 136
135 140
135 141
135 143
135 144
135 145
135 146
135 150
136 137
136 138
136 143
136 146
136 147
136 149
137 138
137 140
137 143
137 144
137 147
137 148
137 149
137 150
138 140
138 142
138 143
138 145
138 146
138 149
138 150
139 141
139 143
139 144
139 145
139 150
140 141
140 144
140 145
140 150
141 144
141 146
141 147
141 148
141 149
142 144
142 145
142 147
142 148
142 149
143 144
143 147
143 149
143 150
144 146
144 148
145 146
145 147
145 149
146 148
146 149
147 148
148 149
148 150
