1 3
1 4
1 5
1 8
1 9
1 12
1 15
1 17
1 19
1 20
1 24
1 25
1 26
1 28
1 29
1 35
1 36
1 37
1 39
1 40
2 6
2 8
2 9
2 12
2 16
2 18
2 22
2 25
2 26
2 27
2 29
2 30
2 31
2 32
2 34
2 35
2 38
2 40
3 4
3 7
3 10
3 14
3 15
3 17
3 21
3 22
3 25
3 30
3 31
3 32
3 36
3 37
4 5
4 6
4 8
4 10
4 12
4 18
4 19
4 21
4 22
4 24
4 26
4 27
4 31
4 32
4 35
4 36
4 38
5 6
5 7
5 8
5 10
5 11
5 12
5 15
5 16
5 17
5 19
5 26
5 27
5 28
5 29
5 30
5 32
5 36
5 37
5 39
6 7
6 11
6 12
6 14
6 18
6 25
6 26
6 27
6 28
6 29
6 31
6 33
6 34
6 35
6 37
7 10
7 11
7 12
7 13
7 14
7 17
7 20
7 21
7 22
7 23
7 25
7 34
7 35
7 36
7 38
7 39
7 40
8 10
8 12
8 13
8 15
8 17
8 19
8 20
8 21
8 23
8 29
8 30
8 33
8 36
8 37
8 39
8 40
9 10
9 12
9 20
9 21
9 22
9 27
9 29
9 30
9 34
9 35
9 37
9 38
9 39
9 40
10 11
10 12
10 13
10 14
10 16
10 17
10 20
10 22
10 23
10 24
10 28
10 29
10 31
10 32
10 33
10 35
10 36
10 37
10 38
10 39
11 12
11 14
11 15
11 16
11 20
11 21
11 22
11 24
11 25
11 27
11 31
11 32
11 33
11 34
11 35
11 39
12 17
12 18
12 19
12 20
12 23
12 26
12 27
12 28
12 29
12 32
12 33
12 34
12 35
12 37
12 38
12 39
12 40
13 15
13 16
13 17
13 21
13 25
13 29
13 31
13 32
13 33
13 34
13 35
13 38
14 19
14 21
14 23
14 24
14 25
14 31
14 33
14 36
14 37
14 39
15 17
15 19
15 20
15 24
15 25
15 27
15 28
15 29
15 31
15 32
15 33
15 36
15 37
15 40
16 20
16 22
16 23
16 25
16 28
16 29
16 32
16 33
16 35
16 36
16 37
16 38
16 40
17 18
17 20
17 21
17 22
17 26
17 27
17 28
17 29
17 31
17 32
17 33
17 34
17 37
17 38
17 39
17 40
18 22
18 23
18 24
18 25
18 26
18 30
18 31
18 32
18 34
18 37
18 39
18 40
19 22
19 23
19 24
19 25
19 26
19 27
19 28
19 29
19 33
19 35
19 36
19 38
19 39
20 22
20 23
20 33
20 38
21 24
21 26
21 28
21 30
21 31
21 32
21 33
21 34
21 36
21 37
21 38
21 39
22 23
22 24
22 25
22 27
22 29
22 31
22 33
22 38
22 39
22 40
23 24
23 25
23 26
23 28
23 29
23 30
23 31
23 32
23 33
23 34
23 35
23 36
23 38
23 39
23 40
24 25
24 30
24 32
24 36
24 37
25 27
25 29
25 33
25 35
25 39
25 40
26 27
26 28
26 31
26 32
26 33
26 34
26 36
26 37
26 39
26 40
27 30
27 34
27 35
27 36
27 37
27 38
27 39
27 40
28 30
28 31
28 32
28 34
28 35
28 40
29 30
29 32
29 38
29 40
30 31
30 33
30 34
30 35
30 40
31 33
31 37
31 38
31 40
32 34
32 36
32 37
32 39
33 35
33 36
33 38
33 39
33 40
34 35
34 37
34 38
34 39
35 37
35 38
35 39
35 40
36 38
36 39
37 38
38 39
38 40
39 40
