1 2
1 5
1 8
1 9
1 10
1 12
1 13
1 15
1 20
1 22
1 26
1 33
1 34
1 35
1 37
2 3
2 9
2 10
2 11
2 13
2 16
2 19
2 23
2 24
2 28
2 30
2 31
2 32
2 35
2 40
3 12
3 13
3 15
3 17
3 18
3 24
3 25
3 26
3 27
3 30
3 34
3 38
3 39
3 40
4 5
4 7
4 10
4 13
4 14
4 16
4 17
4 18
4 20
4 25
4 28
4 33
4 35
4 36
5 8
5 9
5 10
5 12
5 16
5 24
5 26
5 27
5 29
5 32
5 34
5 40
6 17
6 18
6 20
6 22
6 23
6 24
6 25
6 27
6 28
6 29
6 32
6 33
6 35
6 39
6 40
7 8
7 10
7 11
7 12
7 19
7 20
7 21
7 25
7 26
7 27
7 31
7 33
7 34
7 36
7 37
7 38
8 10
8 11
8 13
8 16
8 17
8 19
8 20
8 21
8 24
8 29
8 32
8 35
8 38
8 40
9 12
9 15
9 16
9 19
9 20
9 21
9 23
9 24
9 25
9 30
9 33
9 35
9 40
10 14
10 16
10 19
10 22
10 23
10 26
10 27
10 29
10 30
10 31
10 35
10 39
11 15
11 19
11 22
11 34
11 39
11 40
12 15
12 17
12 20
12 22
12 24
12 27
12 34
12 35
12 36
12 39
13 16
13 17
13 25
13 26
13 27
13 28
13 30
13 31
13 33
13 38
14 15
14 18
14 19
14 25
14 28
14 29
14 30
14 32
14 34
14 38
14 39
15 17
15 20
15 21
15 22
15 23
15 25
15 28
15 30
15 31
15 35
15 38
15 40
16 17
16 19
16 20
16 21
16 29
16 30
16 35
16 38
17 18
17 20
17 22
17 24
17 25
17 26
17 27
17 28
17 32
17 35
17 37
17 38
17 39
18 20
18 23
18 25
18 27
18 28
18 31
18 35
19 23
19 24
19 25
19 35
19 37
19 39
20 21
20 22
20 23
20 25
20 27
20 29
20 33
20 34
20 35
20 39
20 40
21 22
21 27
21 30
21 34
21 36
21 37
21 38
21 39
22 23
22 24
22 26
22 27
22 31
22 35
22 36
22 39
22 40
23 25
23 28
23 31
23 32
23 33
23 38
24 25
24 27
24 28
24 29
24 33
24 36
25 31
25 32
25 34
25 35
25 36
25 38
26 28
26 29
26 32
26 33
26 35
26 36
26 37
27 30
27 32
27 35
27 36
28 32
28 34
28 37
28 38
29 33
29 35
29 37
29 39
30 31
30 32
30 33
30 35
30 37
30 38
31 33
31 38
32 33
32 34
32 37
32 38
33 38
35 38
36 39
37 38
37 40
