1 2
1 6
1 8
1 10
1 12
1 13
1 15
1 16
1 17
1 18
1 19
1 20
1 23
1 24
1 27
1 28
1 29
1 30
1 32
1 35
1 37
1 39
1 44
1 45
1 46
1 49
1 51
1 52
1 53
1 54
1 57
1 58
1 60
1 62
1 63
1 64
1 67
1 68
1 71
1 72
1 73
1 74
1 76
1 78
1 80
1 81
1 87
1 89
1 92
1 94
1 95
1 96
1 97
1 98
1 99
1 100
2 4
2 5
2 6
2 8
2 10
2 11
2 12
2 14
2 18
2 19
2 21
2 26
2 27
2 28
2 29
2 30
2 31
2 32
2 33
2 35
2 36
2 39
2 40
2 42
2 43
2 44
2 45
2 51
2 53
2 55
2 57
2 58
2 59
2 60
2 61
2 63
2 64
2 66
2 67
2 68
2 69
2 71
2 73
2 75
2 76
2 78
2 83
2 86
2 91
2 92
2 93
2 95
2 96
2 97
2 98
2 99
3 5
3 6
3 12
3 13
3 14
3 15
3 16
3 17
3 18
3 20
3 21
3 22
3 23
3 25
3 34
3 35
3 36
3 38
3 41
3 42
3 43
3 49
3 50
3 53
3 56
3 58
3 61
3 62
3 64
3 67
3 69
3 72
3 73
3 75
3 77
3 78
3 79
3 80
3 82
3 83
3 87
3 94
3 95
3 96
3 99
3 100
4 5
4 6
4 7
4 11
4 13
4 14
4 15
4 18
4 19
4 20
4 21
4 22
4 23
4 25
4 26
4 27
4 29
4 30
4 31
4 35
4 36
4 42
4 43
4 44
4 47
4 50
4 53
4 54
4 55
4 57
4 58
4 65
4 68
4 69
4 72
4 73
4 75
4 76
4 78
4 79
4 80
4 81
4 82
4 85
4 86
4 89
4 90
4 92
4 96
4 97
4 98
4 100
5 15
5 16
5 25
5 28
5 29
5 30
5 31
5 35
5 37
5 38
5 40
5 41
5 44
5 46
5 47
5 48
5 49
5 51
5 53
5 57
5 58
5 65
5 69
5 70
5 71
5 73
5 74
5 75
5 77
5 84
5 89
5 90
5 94
5 95
5 100
6 7
6 12
6 14
6 19
6 21
6 22
6 24
6 27
6 29
6 30
6 34
6 36
6 39
6 41
6 42
6 43
6 50
6 51
6 55
6 56
6 58
6 60
6 62
6 63
6 64
6 65
6 66
6 67
6 68
6 69
6 70
6 72
6 82
6 83
6 85
6 86
6 91
6 92
6 93
6 96
6 98
6 99
6 100
7 9
7 10
7 11
7 12
7 13
7 14
7 16
7 18
7 19
7 20
7 22
7 24
7 25
7 26
7 27
7 28
7 29
7 30
7 33
7 34
7 38
7 40
7 43
7 45
7 46
7 48
7 49
7 50
7 51
7 52
7 55
7 58
7 66
7 70
7 71
7 75
7 77
7 79
7 81
7 82
7 83
7 85
7 86
7 89
7 90
7 92
7 95
7 97
7 99
7 100
8 9
8 11
8 14
8 15
8 17
8 21
8 22
8 24
8 25
8 28
8 31
8 34
8 36
8 40
8 42
8 43
8 47
8 52
8 53
8 55
8 56
8 60
8 62
8 63
8 65
8 66
8 72
8 80
8 82
8 83
8 85
8 87
8 90
8 91
8 92
8 95
8 96
8 97
9 12
9 13
9 15
9 17
9 21
9 22
9 23
9 24
9 29
9 33
9 36
9 37
9 40
9 43
9 44
9 46
9 47
9 51
9 54
9 59
9 61
9 67
9 68
9 72
9 74
9 75
9 77
9 79
9 81
9 84
9 85
9 86
9 90
9 94
9 95
9 96
9 98
9 99
9 100
10 14
10 15
10 20
10 21
10 23
10 24
10 25
10 26
10 29
10 33
10 35
10 37
10 38
10 39
10 40
10 42
10 44
10 48
10 49
10 50
10 52
10 55
10 58
10 59
10 64
10 66
10 67
10 69
10 70
10 71
10 72
10 76
10 79
10 80
10 82
10 86
10 87
10 90
10 91
10 94
10 95
10 96
10 97
10 99
11 14
11 15
11 16
11 17
11 20
11 24
11 25
11 26
11 30
11 31
11 33
11 34
11 35
11 37
11 38
11 41
11 43
11 44
11 45
11 46
11 47
11 49
11 50
11 51
11 52
11 53
11 55
11 58
11 59
11 60
11 61
11 62
11 63
11 67
11 69
11 71
11 72
11 75
11 76
11 82
11 83
11 84
11 86
11 87
11 90
11 95
11 96
11 99
12 13
12 16
12 18
12 23
12 25
12 26
12 27
12 28
12 29
12 30
12 32
12 33
12 35
12 37
12 38
12 40
12 41
12 42
12 43
12 44
12 45
12 46
12 47
12 48
12 49
12 51
12 54
12 55
12 56
12 57
12 58
12 60
12 62
12 66
12 68
12 72
12 74
12 75
12 80
12 85
12 87
12 88
12 91
12 93
12 94
12 96
12 98
12 99
13 14
13 15
13 17
13 19
13 21
13 22
13 23
13 27
13 30
13 31
13 38
13 39
13 41
13 42
13 43
13 44
13 47
13 48
13 50
13 53
13 54
13 56
13 57
13 58
13 60
13 61
13 62
13 63
13 65
13 67
13 68
13 70
13 72
13 74
13 77
13 79
13 80
13 82
13 83
13 85
13 88
13 89
13 91
13 92
13 93
13 94
13 97
13 100
14 17
14 18
14 20
14 21
14 24
14 26
14 28
14 32
14 36
14 38
14 39
14 43
14 44
14 45
14 46
14 47
14 50
14 51
14 52
14 53
14 54
14 55
14 57
14 59
14 60
14 61
14 64
14 65
14 66
14 67
14 70
14 71
14 73
14 75
14 76
14 77
14 78
14 82
14 83
14 88
14 90
14 92
14 93
14 94
14 95
14 97
14 98
14 99
14 100
15 18
15 20
15 24
15 27
15 31
15 32
15 33
15 34
15 35
15 36
15 38
15 39
15 40
15 42
15 44
15 46
15 48
15 54
15 55
15 56
15 58
15 61
15 62
15 67
15 68
15 70
15 75
15 76
15 78
15 79
15 80
15 81
15 82
15 83
15 84
15 85
15 86
15 88
15 91
15 93
15 94
15 96
15 98
16 17
16 19
16 20
16 21
16 26
16 29
16 31
16 32
16 34
16 37
16 38
16 41
16 43
16 44
16 45
16 46
16 47
16 49
16 52
16 54
16 56
16 57
16 58
16 59
16 61
16 62
16 64
16 66
16 67
16 69
16 72
16 73
16 74
16 75
16 77
16 78
16 80
16 82
16 85
16 86
16 87
16 88
16 90
16 91
16 93
16 96
16 98
17 20
17 23
17 24
17 25
17 26
17 27
17 28
17 30
17 32
17 34
17 37
17 38
17 41
17 42
17 43
17 45
17 48
17 51
17 52
17 62
17 66
17 67
17 70
17 71
17 72
17 73
17 75
17 76
17 77
17 78
17 79
17 80
17 81
17 82
17 84
17 86
17 87
17 90
17 93
17 95
17 97
17 98
17 99
17 100
18 19
18 20
18 21
18 23
18 24
18 28
18 29
18 31
18 34
18 35
18 38
18 40
18 41
18 42
18 43
18 44
18 49
18 51
18 54
18 55
18 59
18 60
18 65
18 68
18 74
18 75
18 78
18 81
18 84
18 85
18 92
18 93
18 94
18 98
19 20
19 22
19 23
19 26
19 28
19 30
19 31
19 32
19 40
19 42
19 43
19 46
19 47
19 54
19 55
19 56
19 57
19 58
19 59
19 61
19 64
19 65
19 66
19 68
19 70
19 71
19 72
19 76
19 79
19 80
19 82
19 84
19 85
19 87
19 88
19 92
19 93
19 96
19 100
20 21
20 23
20 25
20 29
20 35
20 38
20 39
20 40
20 41
20 42
20 43
20 44
20 45
20 47
20 51
20 52
20 55
20 57
20 60
20 61
20 63
20 65
20 67
20 69
20 72
20 75
20 76
20 77
20 78
20 80
20 82
20 83
20 84
20 86
20 87
20 88
20 89
20 91
20 96
20 97
20 99
21 22
21 23
21 24
21 25
21 28
21 31
21 33
21 35
21 38
21 39
21 40
21 44
21 46
21 50
21 56
21 58
21 61
21 62
21 63
21 64
21 67
21 68
21 70
21 71
21 72
21 74
21 77
21 78
21 81
21 83
21 84
21 85
21 92
21 93
21 94
21 96
21 97
21 100
22 24
22 26
22 28
22 29
22 33
22 34
22 36
22 43
22 45
22 47
22 49
22 50
22 53
22 54
22 55
22 58
22 60
22 61
22 63
22 66
22 71
22 72
22 74
22 75
22 76
22 77
22 78
22 80
22 86
22 88
22 92
22 94
22 97
22 100
23 24
23 25
23 26
23 27
23 28
23 33
23 35
23 36
23 40
23 41
23 42
23 44
23 45
23 48
23 52
23 53
23 57
23 58
23 59
23 61
23 62
23 64
23 71
23 72
23 73
23 77
23 78
23 79
23 80
23 81
23 82
23 83
23 85
23 90
23 91
23 92
23 93
23 95
24 28
24 29
24 30
24 31
24 32
24 33
24 35
24 36
24 37
24 38
24 41
24 43
24 45
24 46
24 47
24 48
24 51
24 54
24 55
24 57
24 60
24 61
24 62
24 63
24 64
24 65
24 70
24 71
24 72
24 74
24 77
24 81
24 84
24 85
24 86
24 88
24 90
24 92
24 93
24 94
24 95
24 96
24 99
24 100
25 26
25 27
25 30
25 31
25 33
25 36
25 39
25 40
25 41
25 42
25 43
25 44
25 45
25 46
25 48
25 52
25 53
25 54
25 55
25 56
25 57
25 58
25 61
25 63
25 64
25 66
25 67
25 68
25 70
25 71
25 72
25 73
25 74
25 78
25 79
25 84
25 85
25 87
25 88
25 91
25 95
25 96
25 97
25 100
26 27
26 30
26 31
26 32
26 38
26 39
26 41
26 42
26 43
26 47
26 48
26 50
26 52
26 54
26 56
26 59
26 60
26 63
26 65
26 66
26 69
26 74
26 76
26 77
26 78
26 79
26 81
26 84
26 85
26 87
26 90
26 91
26 95
26 98
26 99
27 28
27 31
27 32
27 34
27 35
27 36
27 44
27 47
27 48
27 49
27 50
27 53
27 54
27 56
27 57
27 58
27 59
27 60
27 62
27 65
27 66
27 67
27 71
27 72
27 73
27 74
27 76
27 78
27 80
27 81
27 82
27 83
27 84
27 87
27 89
27 93
27 98
27 99
28 31
28 32
28 33
28 35
28 37
28 38
28 40
28 42
28 43
28 44
28 45
28 46
28 47
28 48
28 54
28 56
28 58
28 59
28 60
28 61
28 63
28 64
28 65
28 66
28 67
28 68
28 69
28 73
28 75
28 76
28 77
28 78
28 85
28 86
28 87
28 91
28 92
28 94
28 95
28 96
28 98
28 99
28 100
29 33
29 36
29 39
29 41
29 42
29 47
29 48
29 49
29 50
29 52
29 53
29 54
29 55
29 57
29 60
29 61
29 65
29 66
29 67
29 69
29 71
29 74
29 75
29 76
29 78
29 80
29 81
29 82
29 83
29 84
29 86
29 88
29 89
29 92
29 94
29 96
29 97
29 98
30 31
30 32
30 33
30 34
30 36
30 38
30 40
30 41
30 43
30 44
30 45
30 48
30 49
30 50
30 54
30 56
30 58
30 59
30 60
30 61
30 62
30 63
30 64
30 65
30 67
30 68
30 69
30 70
30 71
30 72
30 74
30 75
30 77
30 78
30 80
30 82
30 83
30 84
30 85
30 90
30 91
30 92
30 93
30 95
30 100
31 33
31 35
31 36
31 38
31 41
31 42
31 44
31 52
31 53
31 54
31 57
31 60
31 66
31 67
31 69
31 73
31 74
31 75
31 76
31 77
31 79
31 80
31 82
31 86
31 90
31 91
31 92
31 93
31 96
31 99
31 100
32 33
32 34
32 37
32 39
32 43
32 44
32 45
32 48
32 51
32 52
32 55
32 56
32 57
32 59
32 60
32 61
32 62
32 63
32 65
32 67
32 68
32 71
32 72
32 76
32 80
32 81
32 82
32 84
32 85
32 86
32 87
32 88
32 89
32 91
32 92
32 93
32 95
32 96
32 98
32 100
33 34
33 36
33 40
33 46
33 49
33 55
33 58
33 59
33 62
33 70
33 72
33 76
33 77
33 78
33 81
33 82
33 83
33 84
33 86
33 87
33 89
33 90
33 92
33 94
33 96
33 97
33 99
33 100
34 35
34 42
34 43
34 45
34 46
34 48
34 57
34 60
34 63
34 65
34 69
34 73
34 75
34 79
34 81
34 82
34 87
34 88
34 90
34 92
34 94
34 95
34 97
34 99
35 36
35 37
35 38
35 39
35 41
35 42
35 44
35 48
35 49
35 50
35 51
35 52
35 54
35 59
35 64
35 66
35 67
35 71
35 72
35 73
35 74
35 75
35 76
35 79
35 81
35 82
35 83
35 84
35 85
35 88
35 89
35 91
35 92
35 94
35 95
35 98
35 99
35 100
36 41
36 42
36 43
36 46
36 48
36 49
36 54
36 55
36 57
36 58
36 59
36 61
36 62
36 63
36 64
36 67
36 69
36 72
36 73
36 77
36 80
36 81
36 83
36 84
36 86
36 87
36 88
36 89
36 90
36 91
36 94
36 97
36 98
37 40
37 41
37 43
37 44
37 45
37 46
37 47
37 48
37 49
37 50
37 53
37 55
37 56
37 57
37 58
37 59
37 60
37 69
37 71
37 72
37 73
37 74
37 75
37 76
37 77
37 80
37 81
37 82
37 85
37 86
37 87
37 89
37 92
37 93
37 94
37 96
37 97
37 98
37 99
37 100
38 40
38 41
38 42
38 44
38 49
38 50
38 52
38 56
38 57
38 62
38 64
38 66
38 67
38 68
38 69
38 72
38 76
38 77
38 78
38 85
38 86
38 87
38 88
38 90
38 91
38 94
38 96
38 100
39 40
39 41
39 43
39 44
39 45
39 46
39 50
39 55
39 56
39 58
39 59
39 61
39 62
39 63
39 64
39 68
39 69
39 70
39 71
39 72
39 73
39 74
39 75
39 77
39 78
39 80
39 81
39 82
39 83
39 84
39 85
39 86
39 87
39 88
39 90
39 91
39 92
39 93
39 96
39 97
39 98
39 99
39 100
40 43
40 45
40 48
40 49
40 50
40 53
40 54
40 55
40 58
40 59
40 60
40 66
40 68
40 69
40 70
40 73
40 74
40 77
40 79
40 80
40 81
40 82
40 84
40 85
40 86
40 88
40 89
40 93
40 95
40 96
40 97
40 100
41 42
41 44
41 45
41 50
41 51
41 54
41 55
41 56
41 58
41 59
41 62
41 63
41 64
41 66
41 67
41 68
41 74
41 76
41 77
41 80
41 81
41 85
41 89
41 90
41 91
41 93
41 96
41 98
41 99
41 100
42 43
42 44
42 45
42 47
42 48
42 49
42 50
42 52
42 53
42 61
42 63
42 65
42 66
42 68
42 70
42 71
42 76
42 77
42 80
42 82
42 83
42 84
42 85
42 86
42 88
42 89
42 92
42 97
42 98
42 99
43 44
43 46
43 48
43 49
43 53
43 57
43 59
43 61
43 65
43 66
43 68
43 74
43 82
43 85
43 91
43 92
43 93
43 96
43 97
43 98
43 100
44 46
44 47
44 48
44 49
44 51
44 53
44 55
44 56
44 57
44 58
44 60
44 63
44 64
44 65
44 66
44 68
44 69
44 70
44 72
44 74
44 75
44 76
44 77
44 79
44 82
44 84
44 85
44 87
44 88
44 89
44 92
44 96
44 97
44 100
45 47
45 51
45 53
45 56
45 60
45 66
45 67
45 69
45 71
45 73
45 74
45 78
45 81
45 84
45 85
45 86
45 88
45 89
45 91
45 92
45 93
45 94
45 95
45 98
45 99
46 47
46 49
46 52
46 53
46 55
46 56
46 57
46 58
46 62
46 67
46 68
46 71
46 75
46 79
46 81
46 82
46 83
46 85
46 87
46 89
46 90
46 92
46 93
46 95
46 98
47 53
47 54
47 55
47 57
47 58
47 60
47 63
47 64
47 70
47 71
47 72
47 76
47 77
47 79
47 80
47 81
47 82
47 83
47 86
47 88
47 90
47 92
47 94
47 95
47 96
47 97
47 98
48 49
48 50
48 53
48 54
48 56
48 57
48 58
48 59
48 63
48 66
48 67
48 68
48 69
48 70
48 71
48 75
48 76
48 79
48 81
48 86
48 87
48 88
48 91
48 93
48 95
48 96
48 97
48 99
48 100
49 53
49 55
49 58
49 59
49 60
49 63
49 65
49 67
49 69
49 71
49 72
49 73
49 74
49 75
49 76
49 80
49 85
49 87
49 89
49 90
50 51
50 54
50 57
50 59
50 61
50 63
50 65
50 68
50 70
50 71
50 72
50 73
50 76
50 77
50 81
50 82
50 83
50 84
50 85
50 88
50 90
50 94
50 95
50 97
50 98
50 99
50 100
51 54
51 56
51 58
51 59
51 61
51 65
51 69
51 70
51 71
51 73
51 74
51 75
51 79
51 80
51 81
51 82
51 84
51 87
51 89
51 90
51 91
51 92
51 93
51 95
51 96
51 97
52 55
52 58
52 69
52 75
52 76
52 79
52 82
52 83
52 86
52 88
52 89
52 91
52 92
52 93
52 94
52 96
52 100
53 59
53 60
53 61
53 63
53 64
53 66
53 67
53 68
53 69
53 70
53 73
53 74
53 77
53 78
53 79
53 82
53 83
53 84
53 86
53 87
53 88
53 90
53 92
53 94
53 100
54 62
54 63
54 66
54 67
54 68
54 70
54 72
54 73
54 74
54 79
54 80
54 83
54 87
54 88
54 90
54 91
54 92
54 93
54 94
54 95
54 96
54 98
54 100
55 56
55 57
55 58
55 61
55 63
55 66
55 67
55 69
55 70
55 72
55 73
55 74
55 75
55 79
55 81
55 82
55 83
55 84
55 89
55 90
55 91
55 92
55 93
55 96
55 99
55 100
56 59
56 65
56 68
56 69
56 70
56 71
56 72
56 73
56 74
56 76
56 79
56 80
56 81
56 84
56 88
56 89
56 96
56 100
57 58
57 62
57 63
57 64
57 65
57 66
57 69
57 70
57 71
57 77
57 78
57 79
57 81
57 83
57 85
57 87
57 88
57 89
57 90
57 91
57 93
57 94
57 95
57 99
58 60
58 63
58 64
58 66
58 67
58 69
58 70
58 71
58 75
58 77
58 78
58 79
58 80
58 82
58 83
58 89
58 90
58 91
58 94
58 97
58 98
59 61
59 65
59 69
59 71
59 75
59 77
59 78
59 79
59 82
59 83
59 84
59 85
59 86
59 87
59 90
59 96
59 98
59 100
60 61
60 62
60 63
60 64
60 66
60 68
60 71
60 72
60 77
60 78
60 79
60 82
60 86
60 87
60 89
60 90
60 92
60 93
60 94
60 99
60 100
61 62
61 63
61 65
61 66
61 68
61 70
61 73
61 75
61 76
61 77
61 81
61 82
61 85
61 86
61 90
61 92
61 93
61 94
61 98
61 100
62 63
62 64
62 65
62 67
62 69
62 70
62 71
62 72
62 75
62 78
62 79
62 80
62 81
62 83
62 85
62 90
62 92
62 93
62 94
62 96
62 99
63 70
63 71
63 72
63 73
63 76
63 77
63 78
63 79
63 81
63 83
63 84
63 85
63 87
63 88
63 91
63 93
63 94
63 96
63 97
63 99
63 100
64 65
64 66
64 68
64 69
64 72
64 76
64 77
64 81
64 82
64 85
64 86
64 87
64 89
64 93
64 94
64 97
64 100
65 66
65 68
65 70
65 72
65 73
65 77
65 78
65 82
65 84
65 86
65 87
65 89
65 91
65 95
65 99
66 68
66 69
66 71
66 73
66 74
66 76
66 77
66 78
66 79
66 82
66 86
66 88
66 89
66 91
66 93
66 95
66 96
66 97
66 99
66 100
67 68
67 70
67 73
67 79
67 80
67 81
67 82
67 84
67 86
67 87
67 89
67 90
67 91
67 92
67 93
67 98
68 69
68 72
68 75
68 76
68 80
68 82
68 83
68 84
68 88
68 89
68 90
68 94
68 95
68 96
68 98
68 99
68 100
69 71
69 72
69 73
69 76
69 81
69 82
69 85
69 86
69 87
69 89
69 92
69 93
69 94
69 97
69 98
69 99
70 75
70 78
70 79
70 81
70 82
70 83
70 84
70 86
70 87
70 88
70 89
70 91
70 93
70 96
70 97
70 98
70 100
71 72
71 73
71 74
71 75
71 76
71 78
71 79
71 81
71 82
71 83
71 88
71 91
71 93
71 94
71 95
71 97
71 99
71 100
72 73
72 74
72 75
72 76
72 77
72 78
72 79
72 80
72 81
72 83
72 84
72 86
72 87
72 89
72 91
72 94
72 96
72 97
72 100
73 76
73 77
73 78
73 80
73 88
73 89
73 90
73 93
73 94
73 97
74 75
74 76
74 77
74 79
74 80
74 82
74 83
74 86
74 87
74 88
74 89
74 90
74 91
74 92
74 93
74 96
74 97
74 99
74 100
75 76
75 78
75 79
75 86
75 87
75 88
75 92
75 95
75 97
75 98
75 99
76 79
76 89
76 91
76 93
76 95
76 97
76 98
76 99
76 100
77 78
77 79
77 82
77 83
77 86
77 87
77 89
77 93
77 94
77 97
77 99
77 100
78 80
78 82
78 84
78 85
78 86
78 89
78 90
78 92
78 95
78 97
78 98
78 99
79 82
79 85
79 88
79 90
79 92
79 93
79 94
79 95
79 96
80 82
80 83
80 85
80 94
80 95
80 97
80 99
81 82
81 83
81 88
81 90
81 91
81 92
81 93
81 94
81 97
81 99
81 100
82 84
82 88
82 91
82 93
82 95
82 97
82 98
82 100
83 84
83 85
83 86
83 88
83 90
83 91
83 92
83 93
83 99
84 85
84 88
84 90
84 91
84 100
85 87
85 91
85 92
85 95
85 97
86 89
86 91
86 92
86 93
86 94
86 95
86 97
87 88
87 90
87 91
87 92
87 93
87 94
87 95
87 97
88 89
88 92
88 95
88 97
88 100
89 90
89 93
89 94
89 95
89 99
90 96
90 100
91 92
91 93
91 95
91 96
91 97
91 98
92 93
92 94
92 95
92 98
93 97
93 98
94 96
94 100
95 97
95 99
96 97
96 100
97 99
98 99
98 100
