1 2
1 5
1 6
1 9
1 15
1 16
1 17
1 18
1 21
1 22
1 23
1 24
1 28
1 29
1 32
1 35
1 39
1 40
2 5
2 6
2 7
2 8
2 13
2 15
2 23
2 25
2 27
2 30
2 31
2 33
2 35
2 36
3 4
3 11
3 13
3 20
3 24
3 26
3 27
3 30
3 33
3 37
3 38
4 5
4 9
4 10
4 11
4 12
4 14
4 16
4 19
4 20
4 21
4 22
4 26
4 28
4 30
4 34
4 40
5 10
5 13
5 14
5 15
5 16
5 19
5 28
5 29
5 30
5 36
5 38
6 7
6 9
6 11
6 15
6 16
6 18
6 19
6 24
6 26
6 27
6 28
6 29
6 37
6 38
6 39
7 11
7 12
7 13
7 15
7 18
7 21
7 22
7 23
7 27
7 28
7 29
7 31
7 33
7 35
8 12
8 13
8 14
8 15
8 21
8 22
8 24
8 31
8 35
8 37
8 39
8 40
9 10
9 14
9 15
9 17
9 19
9 22
9 23
9 24
9 25
9 26
9 27
9 29
9 31
9 33
9 35
9 38
9 40
10 11
10 15
10 19
10 21
10 23
10 24
10 26
10 29
10 30
10 32
10 37
10 38
11 16
11 20
11 21
11 22
11 23
11 24
11 25
11 28
11 30
11 32
11 35
11 37
11 38
11 39
12 13
12 17
12 19
12 20
12 22
12 24
12 26
12 27
12 28
12 31
12 33
12 35
12 38
12 39
13 20
13 21
13 25
13 28
13 32
13 33
13 35
13 36
13 39
14 16
14 17
14 18
14 22
14 23
14 26
14 28
14 29
14 33
14 37
14 39
15 16
15 19
15 22
15 23
15 27
15 28
15 30
15 33
15 34
15 38
16 17
16 19
16 20
16 23
16 24
16 26
16 36
16 37
16 39
17 19
17 20
17 22
17 24
17 25
17 27
17 28
17 29
17 31
17 33
17 34
17 35
17 37
17 38
17 39
18 23
18 26
18 28
18 30
18 39
19 20
19 21
19 23
19 24
19 25
19 26
19 27
19 33
19 34
19 35
19 36
19 37
20 21
20 22
20 25
20 26
20 27
20 28
20 31
20 35
20 38
21 22
21 23
21 26
21 28
21 34
21 35
21 37
21 38
21 40
22 24
22 27
22 28
22 29
22 30
22 33
22 38
23 27
23 29
23 31
23 32
23 34
23 36
23 39
24 28
24 30
24 31
24 32
24 34
24 35
24 37
24 40
25 26
25 31
25 32
25 33
25 35
25 36
25 37
25 38
26 29
26 34
26 35
26 36
26 37
27 28
27 32
27 33
27 35
27 36
27 40
28 29
28 32
28 33
28 37
28 39
29 30
29 31
29 35
29 40
30 31
31 36
31 37
31 40
32 36
32 39
33 34
33 36
33 40
34 36
34 38
34 39
35 38
36 37
37 39
37 40
39 40
