1 2
1 4
1 10
1 11
1 12
1 13
1 14
1 15
1 17
1 21
1 23
1 24
1 27
1 28
1 31
1 33
1 35
1 36
1 38
1 40
1 41
1 44
1 45
1 46
1 47
1 51
1 52
1 54
1 56
1 57
1 62
1 65
1 66
1 68
1 72
1 73
1 76
1 77
1 79
1 83
1 84
1 85
1 86
1 87
1 88
1 89
1 91
1 94
1 96
1 97
1 100
2 6
2 8
2 14
2 15
2 20
2 21
2 23
2 25
2 28
2 33
2 35
2 36
2 37
2 45
2 51
2 53
2 56
2 60
2 62
2 67
2 68
2 69
2 75
2 76
2 77
2 78
2 80
2 81
2 84
2 85
2 88
2 89
2 91
2 92
2 93
2 96
2 98
2 99
3 8
3 18
3 25
3 27
3 28
3 29
3 33
3 36
3 37
3 38
3 41
3 48
3 49
3 52
3 56
3 57
3 58
3 59
3 63
3 66
3 67
3 68
3 69
3 70
3 71
3 72
3 75
3 78
3 81
3 83
3 85
3 86
3 88
3 93
3 94
3 96
4 6
4 8
4 9
4 13
4 18
4 19
4 21
4 27
4 28
4 29
4 30
4 31
4 33
4 38
4 39
4 40
4 41
4 44
4 45
4 47
4 51
4 54
4 55
4 56
4 59
4 62
4 63
4 69
4 71
4 72
4 74
4 77
4 78
4 86
4 91
4 92
4 95
4 96
4 98
4 99
4 100
5 13
5 15
5 17
5 20
5 22
5 24
5 33
5 34
5 35
5 42
5 46
5 47
5 49
5 53
5 56
5 58
5 59
5 60
5 63
5 65
5 66
5 67
5 71
5 73
5 75
5 76
5 77
5 78
5 79
5 80
5 86
5 89
5 90
5 93
5 94
5 96
5 98
6 9
6 10
6 11
6 12
6 13
6 16
6 24
6 25
6 26
6 32
6 36
6 37
6 40
6 42
6 45
6 46
6 47
6 48
6 52
6 53
6 55
6 56
6 58
6 59
6 61
6 62
6 66
6 67
6 68
6 69
6 70
6 72
6 77
6 78
6 79
6 81
6 82
6 83
6 84
6 85
6 86
6 87
6 88
6 89
6 91
6 96
6 97
6 98
6 100
7 10
7 13
7 15
7 16
7 17
7 18
7 20
7 22
7 24
7 25
7 29
7 36
7 38
7 42
7 48
7 54
7 56
7 58
7 59
7 60
7 63
7 65
7 73
7 75
7 76
7 77
7 79
7 85
7 86
7 88
7 91
7 93
7 95
7 96
8 9
8 11
8 13
8 16
8 17
8 18
8 20
8 21
8 27
8 31
8 32
8 36
8 38
8 39
8 41
8 43
8 44
8 45
8 46
8 51
8 53
8 55
8 56
8 58
8 59
8 60
8 62
8 64
8 66
8 67
8 68
8 71
8 72
8 74
8 76
8 78
8 81
8 82
8 85
8 86
8 88
8 89
8 99
8 100
9 12
9 14
9 15
9 16
9 18
9 22
9 24
9 28
9 30
9 34
9 35
9 39
9 40
9 41
9 43
9 44
9 45
9 48
9 50
9 51
9 59
9 62
9 63
9 64
9 65
9 66
9 68
9 70
9 73
9 74
9 76
9 77
9 79
9 81
9 82
9 90
9 92
9 96
9 99
10 18
10 19
10 20
10 22
10 23
10 25
10 32
10 38
10 39
10 46
10 48
10 49
10 51
10 53
10 54
10 55
10 57
10 58
10 59
10 61
10 62
10 63
10 67
10 69
10 70
10 73
10 75
10 76
10 78
10 79
10 83
10 88
10 89
10 93
10 94
10 95
10 97
10 99
11 12
11 18
11 20
11 22
11 26
11 27
11 28
11 29
11 30
11 31
11 34
11 36
11 38
11 39
11 42
11 44
11 46
11 47
11 49
11 53
11 55
11 56
11 60
11 66
11 69
11 71
11 73
11 74
11 76
11 79
11 81
11 82
11 83
11 88
11 90
11 91
11 98
11 100
12 16
12 18
12 23
12 26
12 27
12 28
12 31
12 33
12 37
12 43
12 45
12 46
12 47
12 49
12 51
12 52
12 53
12 54
12 55
12 60
12 61
12 66
12 69
12 71
12 73
12 75
12 77
12 79
12 81
12 82
12 84
12 85
12 86
12 87
12 88
12 89
12 93
12 95
12 97
13 15
13 16
13 18
13 30
13 32
13 35
13 37
13 39
13 41
13 44
13 47
13 51
13 52
13 55
13 56
13 59
13 60
13 61
13 68
13 75
13 78
13 80
13 81
13 83
13 87
13 90
13 91
13 92
13 93
13 94
13 99
13 100
14 15
14 16
14 17
14 18
14 19
14 21
14 30
14 32
14 35
14 36
14 43
14 44
14 45
14 49
14 51
14 53
14 54
14 56
14 58
14 62
14 65
14 70
14 73
14 74
14 76
14 80
14 81
14 82
14 83
14 90
14 99
15 17
15 19
15 23
15 24
15 28
15 30
15 31
15 32
15 38
15 42
15 44
15 48
15 49
15 50
15 54
15 59
15 60
15 61
15 63
15 65
15 66
15 69
15 72
15 73
15 74
15 76
15 77
15 78
15 80
15 83
15 84
15 85
15 87
15 88
15 89
15 91
15 93
15 94
15 95
15 96
15 98
16 20
16 22
16 26
16 28
16 31
16 32
16 34
16 36
16 37
16 38
16 39
16 40
16 42
16 46
16 47
16 48
16 50
16 51
16 52
16 55
16 57
16 60
16 62
16 63
16 64
16 65
16 68
16 69
16 70
16 75
16 77
16 80
16 82
16 83
16 87
16 89
16 95
16 97
16 98
16 100
17 18
17 19
17 22
17 27
17 30
17 33
17 35
17 39
17 49
17 51
17 52
17 54
17 56
17 59
17 60
17 63
17 67
17 69
17 72
17 73
17 75
17 76
17 79
17 82
17 83
17 86
17 87
17 90
17 91
17 97
17 98
17 99
17 100
18 21
18 23
18 25
18 30
18 31
18 32
18 34
18 35
18 38
18 39
18 43
18 45
18 46
18 47
18 49
18 50
18 51
18 53
18 55
18 58
18 59
18 60
18 61
18 62
18 67
18 68
18 71
18 73
18 74
18 75
18 76
18 78
18 83
18 84
18 86
18 89
18 91
18 93
18 94
18 95
18 96
18 97
19 20
19 21
19 22
19 24
19 25
19 26
19 30
19 32
19 33
19 35
19 36
19 38
19 41
19 43
19 46
19 51
19 52
19 53
19 54
19 64
19 66
19 69
19 71
19 72
19 73
19 74
19 76
19 78
19 79
19 84
19 88
19 90
19 94
19 98
19 100
20 22
20 23
20 25
20 26
20 30
20 36
20 37
20 42
20 47
20 48
20 50
20 52
20 54
20 58
20 59
20 60
20 61
20 65
20 70
20 73
20 74
20 76
20 81
20 84
20 88
20 89
20 92
20 94
20 98
20 100
21 24
21 25
21 27
21 28
21 29
21 30
21 32
21 33
21 35
21 36
21 37
21 38
21 41
21 44
21 45
21 46
21 47
21 48
21 49
21 54
21 55
21 57
21 59
21 60
21 64
21 68
21 69
21 72
21 75
21 76
21 78
21 79
21 80
21 81
21 83
21 84
21 85
21 86
21 90
21 92
21 94
21 96
21 97
21 98
21 99
22 23
22 24
22 25
22 27
22 29
22 31
22 32
22 33
22 34
22 35
22 36
22 38
22 40
22 42
22 44
22 46
22 47
22 48
22 49
22 51
22 52
22 54
22 56
22 58
22 59
22 60
22 61
22 62
22 67
22 74
22 75
22 78
22 80
22 81
22 83
22 85
22 90
22 91
22 92
22 99
23 26
23 27
23 28
23 29
23 30
23 35
23 37
23 38
23 40
23 41
23 42
23 45
23 46
23 49
23 50
23 51
23 52
23 60
23 62
23 64
23 66
23 67
23 68
23 69
23 70
23 74
23 76
23 77
23 79
23 82
23 84
23 85
23 86
23 89
23 90
23 93
23 96
23 97
24 25
24 29
24 32
24 36
24 39
24 41
24 43
24 44
24 48
24 49
24 50
24 51
24 53
24 54
24 57
24 60
24 62
24 67
24 69
24 70
24 74
24 75
24 78
24 81
24 82
24 87
24 89
24 92
24 95
24 97
24 99
25 27
25 28
25 29
25 31
25 35
25 37
25 39
25 40
25 42
25 43
25 44
25 47
25 49
25 52
25 55
25 56
25 58
25 59
25 60
25 63
25 69
25 70
25 72
25 73
25 75
25 76
25 77
25 78
25 79
25 80
25 82
25 88
25 89
25 90
25 93
25 95
25 96
25 97
25 99
26 28
26 31
26 36
26 37
26 39
26 42
26 44
26 45
26 47
26 51
26 52
26 54
26 55
26 56
26 58
26 59
26 63
26 65
26 66
26 68
26 69
26 71
26 72
26 79
26 87
26 88
26 92
26 94
26 97
26 98
26 99
27 29
27 30
27 32
27 38
27 41
27 42
27 43
27 44
27 46
27 49
27 50
27 54
27 60
27 62
27 66
27 68
27 69
27 72
27 73
27 77
27 78
27 83
27 85
27 87
27 89
27 94
27 96
27 98
27 100
28 34
28 39
28 42
28 48
28 49
28 50
28 51
28 52
28 56
28 58
28 59
28 60
28 64
28 65
28 66
28 68
28 78
28 80
28 81
28 82
28 84
28 85
28 86
28 87
28 90
28 96
28 97
28 98
29 30
29 33
29 34
29 36
29 37
29 38
29 40
29 41
29 42
29 43
29 44
29 46
29 48
29 49
29 52
29 55
29 56
29 58
29 59
29 60
29 62
29 64
29 68
29 72
29 75
29 76
29 77
29 80
29 81
29 83
29 86
29 88
29 92
29 95
29 96
29 98
29 99
29 100
30 33
30 35
30 36
30 37
30 38
30 43
30 44
30 45
30 46
30 48
30 50
30 52
30 56
30 57
30 61
30 62
30 63
30 65
30 67
30 68
30 69
30 70
30 71
30 72
30 73
30 75
30 76
30 82
30 84
30 86
30 87
30 88
30 89
30 92
30 93
30 97
30 98
30 99
31 32
31 33
31 37
31 38
31 43
31 45
31 46
31 47
31 48
31 53
31 54
31 56
31 59
31 61
31 63
31 69
31 71
31 72
31 73
31 75
31 78
31 80
31 81
31 83
31 84
31 86
31 88
31 90
31 91
31 92
31 94
31 96
32 33
32 35
32 41
32 43
32 48
32 51
32 52
32 54
32 55
32 56
32 57
32 60
32 62
32 66
32 67
32 69
32 70
32 71
32 74
32 76
32 79
32 88
32 89
32 90
32 91
32 97
32 99
33 34
33 35
33 36
33 39
33 40
33 41
33 44
33 46
33 47
33 48
33 53
33 55
33 56
33 57
33 60
33 61
33 63
33 64
33 65
33 67
33 69
33 70
33 71
33 72
33 75
33 76
33 77
33 78
33 79
33 82
33 86
33 87
33 88
33 90
33 91
33 92
33 94
33 95
33 96
33 100
34 36
34 38
34 39
34 41
34 42
34 44
34 45
34 46
34 47
34 52
34 58
34 59
34 60
34 61
34 62
34 64
34 67
34 68
34 72
34 73
34 76
34 79
34 80
34 81
34 82
34 83
34 84
34 85
34 86
34 88
34 89
34 92
34 94
34 95
34 97
34 98
34 99
35 36
35 37
35 38
35 40
35 41
35 45
35 46
35 48
35 49
35 50
35 51
35 55
35 56
35 57
35 60
35 62
35 63
35 64
35 65
35 66
35 67
35 70
35 71
35 74
35 75
35 77
35 79
35 80
35 83
35 88
35 92
35 93
35 98
35 100
36 37
36 38
36 44
36 46
36 49
36 50
36 52
36 56
36 58
36 59
36 64
36 65
36 66
36 67
36 70
36 71
36 72
36 74
36 77
36 78
36 80
36 82
36 83
36 86
36 87
36 88
36 95
36 99
36 100
37 38
37 43
37 45
37 49
37 50
37 51
37 52
37 55
37 57
37 59
37 61
37 63
37 64
37 66
37 69
37 70
37 72
37 78
37 79
37 80
37 81
37 83
37 84
37 85
37 87
37 89
37 90
37 91
37 92
37 94
37 97
37 98
37 99
38 40
38 43
38 45
38 47
38 49
38 51
38 60
38 62
38 63
38 64
38 66
38 68
38 70
38 72
38 75
38 76
38 78
38 79
38 80
38 83
38 85
38 86
38 87
38 89
38 90
38 93
38 96
38 97
38 98
38 99
39 42
39 43
39 46
39 48
39 50
39 52
39 59
39 60
39 61
39 66
39 70
39 74
39 75
39 76
39 77
39 78
39 80
39 89
39 90
39 91
39 92
39 96
39 98
39 99
40 42
40 43
40 45
40 47
40 49
40 52
40 54
40 57
40 60
40 69
40 71
40 73
40 75
40 77
40 78
40 79
40 80
40 82
40 84
40 89
40 90
40 91
40 93
40 95
40 96
40 98
41 43
41 44
41 46
41 47
41 50
41 51
41 54
41 59
41 61
41 62
41 63
41 64
41 66
41 67
41 68
41 69
41 70
41 71
41 75
41 77
41 81
41 83
41 84
41 87
41 88
41 89
41 91
41 92
41 95
41 99
42 46
42 50
42 51
42 53
42 55
42 56
42 59
42 61
42 64
42 65
42 66
42 71
42 72
42 73
42 77
42 79
42 81
42 83
42 84
42 87
42 91
42 92
42 93
42 95
42 96
42 97
43 44
43 45
43 47
43 48
43 52
43 54
43 55
43 57
43 58
43 60
43 63
43 67
43 68
43 71
43 72
43 74
43 75
43 81
43 84
43 85
43 86
43 87
43 88
43 90
43 96
43 98
43 99
44 46
44 50
44 51
44 52
44 54
44 59
44 61
44 63
44 64
44 65
44 66
44 70
44 71
44 73
44 76
44 79
44 82
44 83
44 86
44 88
44 89
44 91
44 92
44 93
44 94
44 96
44 99
45 46
45 47
45 50
45 52
45 54
45 59
45 63
45 68
45 71
45 72
45 74
45 75
45 80
45 84
45 85
45 86
45 87
45 90
45 96
45 97
45 98
46 47
46 48
46 52
46 53
46 54
46 55
46 57
46 58
46 59
46 60
46 62
46 70
46 73
46 78
46 79
46 81
46 82
46 86
46 87
46 89
46 90
46 91
46 93
46 96
46 100
47 48
47 49
47 52
47 55
47 56
47 57
47 58
47 61
47 63
47 68
47 69
47 72
47 73
47 75
47 77
47 81
47 84
47 85
47 86
47 87
47 89
47 90
47 93
47 94
47 95
47 97
47 100
48 51
48 52
48 54
48 57
48 58
48 59
48 60
48 64
48 67
48 69
48 70
48 72
48 74
48 76
48 77
48 79
48 85
48 86
48 88
48 89
48 92
48 97
49 52
49 53
49 58
49 59
49 61
49 63
49 64
49 65
49 71
49 72
49 73
49 74
49 79
49 80
49 82
49 83
49 84
49 85
49 86
49 87
49 89
49 93
49 94
49 96
49 99
50 51
50 55
50 59
50 61
50 64
50 65
50 66
50 67
50 68
50 70
50 72
50 73
50 76
50 80
50 85
50 87
50 88
50 90
50 92
50 95
50 96
50 97
50 99
50 100
51 52
51 53
51 54
51 55
51 56
51 60
51 63
51 64
51 65
51 66
51 69
51 72
51 73
51 74
51 77
51 82
51 83
51 85
51 93
51 99
52 54
52 55
52 56
52 58
52 59
52 60
52 62
52 64
52 67
52 69
52 72
52 73
52 74
52 78
52 79
52 80
52 82
52 83
52 84
52 91
52 93
52 96
52 97
53 59
53 60
53 64
53 65
53 66
53 67
53 68
53 72
53 74
53 75
53 76
53 80
53 84
53 87
53 88
53 90
53 94
53 95
53 96
53 98
54 55
54 57
54 58
54 59
54 62
54 73
54 75
54 77
54 78
54 79
54 80
54 81
54 82
54 83
54 92
54 95
54 96
54 97
54 98
54 99
55 56
55 57
55 59
55 61
55 63
55 66
55 67
55 69
55 70
55 71
55 74
55 75
55 76
55 80
55 84
55 87
55 88
55 89
55 90
55 92
55 97
55 98
55 99
56 58
56 62
56 63
56 65
56 71
56 72
56 73
56 75
56 77
56 78
56 79
56 80
56 81
56 84
56 87
56 93
56 94
56 96
56 97
56 98
56 100
57 58
57 59
57 60
57 68
57 70
57 72
57 73
57 76
57 77
57 79
57 81
57 83
57 85
57 86
57 87
57 94
57 97
57 99
58 60
58 64
58 66
58 68
58 73
58 78
58 80
58 81
58 83
58 85
58 89
58 93
58 94
58 99
59 60
59 62
59 64
59 65
59 72
59 74
59 75
59 76
59 79
59 83
59 84
59 85
59 87
59 88
59 91
59 96
59 97
59 99
60 63
60 67
60 71
60 72
60 74
60 75
60 77
60 78
60 81
60 82
60 85
60 86
60 87
60 88
60 89
60 93
60 95
60 99
60 100
61 62
61 63
61 65
61 66
61 68
61 71
61 72
61 75
61 78
61 81
61 83
61 86
61 90
61 91
61 94
61 95
61 96
61 98
61 99
61 100
62 63
62 64
62 65
62 68
62 69
62 71
62 73
62 75
62 76
62 78
62 80
62 82
62 83
62 87
62 90
62 95
62 100
63 65
63 68
63 70
63 72
63 73
63 75
63 78
63 79
63 82
63 85
63 88
63 89
63 98
63 99
63 100
64 66
64 67
64 68
64 71
64 72
64 73
64 74
64 75
64 77
64 78
64 82
64 86
64 87
64 88
64 89
64 92
64 93
64 94
64 95
64 97
64 98
65 66
65 68
65 69
65 70
65 71
65 72
65 73
65 74
65 78
65 79
65 81
65 85
65 86
65 89
65 93
65 95
65 99
65 100
66 69
66 77
66 79
66 80
66 81
66 84
66 87
66 90
66 91
66 92
66 97
66 98
66 99
67 68
67 69
67 70
67 71
67 73
67 74
67 75
67 76
67 79
67 80
67 83
67 84
67 87
67 89
67 91
67 93
67 95
67 96
67 98
68 73
68 75
68 78
68 81
68 82
68 83
68 84
68 85
68 88
68 91
68 92
68 93
68 94
68 96
68 97
68 98
68 99
69 71
69 77
69 80
69 83
69 85
69 88
69 89
69 90
69 92
69 94
69 97
69 99
70 72
70 73
70 75
70 76
70 77
70 85
70 87
70 89
70 91
70 92
70 93
70 94
70 95
70 97
70 99
71 74
71 75
71 80
71 83
71 85
71 88
71 89
71 90
71 94
71 97
71 98
71 99
72 74
72 75
72 77
72 83
72 85
72 87
72 89
72 90
72 97
73 74
73 75
73 78
73 79
73 80
73 81
73 83
73 87
73 88
73 92
73 93
73 97
74 77
74 82
74 83
74 85
74 86
74 88
74 90
74 91
74 92
74 93
74 94
74 95
74 99
74 100
75 77
75 79
75 83
75 84
75 86
75 90
75 93
75 96
75 97
75 99
75 100
76 78
76 81
76 83
76 86
76 87
76 91
76 92
77 82
77 83
77 85
77 87
77 90
77 91
77 92
77 93
77 96
77 99
78 79
78 80
78 81
78 83
78 85
78 86
78 88
78 89
78 90
78 92
78 93
78 94
78 95
78 96
78 100
79 81
79 86
79 87
79 88
79 90
79 91
79 92
79 93
79 94
79 97
79 98
79 100
80 81
80 82
80 86
80 88
80 89
80 90
80 93
80 95
80 100
81 83
81 85
81 92
81 93
81 94
81 98
81 99
82 84
82 85
82 91
82 93
82 96
82 98
82 100
83 84
83 86
83 87
83 90
83 91
83 98
84 86
84 87
84 92
84 95
84 99
84 100
85 86
85 87
85 88
85 90
85 92
85 94
85 97
85 98
85 99
86 88
86 89
86 90
86 91
86 93
86 95
86 97
86 99
86 100
87 89
87 90
87 95
87 97
88 92
88 94
88 95
88 96
88 97
88 98
88 100
89 90
89 94
89 95
89 96
89 100
90 91
90 93
90 94
91 93
91 99
92 94
92 96
92 97
92 98
93 96
93 100
94 95
94 99
95 97
95 98
96 98
97 100
