1 5
1 10
1 11
1 12
1 16
1 18
1 19
1 20
1 21
1 22
1 25
1 29
1 32
1 33
1 34
1 35
1 36
1 37
2 3
2 4
2 5
2 7
2 8
2 9
2 13
2 18
2 19
2 20
2 21
2 22
2 23
2 25
2 26
2 28
2 29
2 32
2 33
2 35
2 38
3 5
3 7
3 9
3 12
3 13
3 16
3 23
3 28
3 30
3 31
3 34
3 37
3 38
4 6
4 11
4 13
4 16
4 18
4 19
4 22
4 23
4 24
4 25
4 29
4 30
4 34
4 35
4 36
4 38
4 39
5 6
5 7
5 9
5 11
5 18
5 22
5 24
5 26
5 28
5 29
5 30
5 32
5 34
5 35
5 37
6 7
6 9
6 10
6 11
6 12
6 13
6 15
6 16
6 21
6 22
6 25
6 28
6 29
6 30
6 33
6 34
6 35
6 38
6 39
6 40
7 8
7 9
7 11
7 13
7 14
7 15
7 16
7 20
7 23
7 24
7 26
7 27
7 28
7 29
7 34
7 35
7 37
7 39
7 40
8 12
8 16
8 18
8 20
8 25
8 27
8 32
8 34
8 35
8 37
9 11
9 12
9 13
9 15
9 18
9 19
9 20
9 21
9 22
9 23
9 26
9 27
9 28
9 30
9 32
9 35
9 36
9 37
9 39
9 40
10 11
10 13
10 14
10 15
10 16
10 19
10 20
10 21
10 23
10 24
10 25
10 27
10 28
10 29
10 30
10 36
10 39
10 40
11 12
11 14
11 17
11 20
11 22
11 23
11 31
11 32
11 33
11 34
11 36
11 38
11 39
11 40
12 13
12 14
12 15
12 24
12 26
12 28
12 29
12 30
12 31
12 34
12 36
12 37
12 39
12 40
13 14
13 15
13 16
13 20
13 25
13 26
13 28
13 30
13 32
13 33
13 37
13 39
13 40
14 15
14 16
14 17
14 18
14 22
14 25
14 26
14 29
14 30
14 32
14 34
14 36
15 19
15 20
15 21
15 24
15 29
15 30
15 31
15 34
15 35
15 37
15 38
15 40
16 17
16 20
16 21
16 25
16 29
16 35
16 39
16 40
17 18
17 23
17 24
17 25
17 28
17 30
17 33
17 34
17 35
17 40
18 22
18 23
18 24
18 26
18 27
18 30
18 32
18 33
18 34
18 35
18 38
19 21
19 22
19 24
19 25
19 26
19 28
19 29
19 30
19 31
19 35
19 36
19 38
19 39
20 21
20 24
20 25
20 26
20 27
20 28
20 29
20 32
20 33
20 36
20 38
20 39
21 23
21 26
21 27
21 28
21 31
21 32
21 38
22 23
22 33
22 34
22 35
22 36
22 37
22 38
22 39
23 24
23 26
23 29
23 30
23 33
23 35
23 37
23 38
24 25
24 26
24 27
24 29
24 30
24 31
24 34
24 36
24 39
25 31
25 35
25 37
25 38
25 39
25 40
26 29
26 30
26 33
26 38
26 40
27 29
27 32
27 38
27 39
28 29
28 30
28 31
28 35
28 38
28 39
28 40
29 30
29 31
29 33
29 34
29 37
29 40
30 31
30 34
30 35
30 39
31 33
31 36
31 39
32 34
32 36
32 37
32 38
32 40
33 36
33 40
34 36
34 38
34 40
35 36
35 38
35 39
36 38
39 40
