1 2
1 7
1 8
1 9
1 10
1 12
1 15
1 18
1 19
1 21
1 24
1 28
1 29
1 30
1 33
1 35
1 36
1 40
1 41
1 45
1 48
1 49
1 50
1 52
1 53
1 54
1 60
1 62
1 63
1 68
1 70
1 71
1 72
1 73
1 74
1 75
1 76
1 80
1 81
1 86
1 87
1 88
1 90
1 93
1 98
1 99
2 4
2 6
2 7
2 10
2 11
2 13
2 15
2 16
2 17
2 27
2 28
2 29
2 32
2 33
2 35
2 37
2 38
2 39
2 42
2 46
2 48
2 52
2 54
2 55
2 61
2 65
2 66
2 73
2 75
2 78
2 80
2 81
2 82
2 84
2 89
2 92
2 94
2 95
2 96
2 97
3 4
3 5
3 9
3 11
3 12
3 16
3 17
3 19
3 20
3 21
3 25
3 26
3 32
3 33
3 39
3 43
3 48
3 50
3 51
3 55
3 57
3 59
3 61
3 62
3 65
3 67
3 69
3 71
3 72
3 75
3 76
3 77
3 78
3 79
3 82
3 86
3 87
3 88
3 90
3 93
3 95
3 96
3 100
4 6
4 8
4 9
4 10
4 11
4 13
4 17
4 20
4 21
4 24
4 25
4 26
4 29
4 31
4 32
4 34
4 40
4 41
4 43
4 48
4 49
4 51
4 55
4 56
4 57
4 58
4 61
4 64
4 65
4 69
4 71
4 72
4 73
4 74
4 75
4 76
4 79
4 80
4 81
4 83
4 85
4 86
4 87
4 88
4 90
4 92
4 95
4 96
4 97
4 98
4 99
4 100
5 9
5 10
5 11
5 13
5 18
5 19
5 21
5 22
5 23
5 25
5 27
5 28
5 30
5 34
5 38
5 39
5 40
5 41
5 42
5 44
5 45
5 46
5 47
5 48
5 49
5 51
5 53
5 55
5 56
5 58
5 59
5 60
5 62
5 64
5 69
5 70
5 71
5 72
5 73
5 75
5 76
5 77
5 82
5 83
5 84
5 87
5 88
5 90
5 92
5 94
5 99
6 9
6 10
6 11
6 17
6 18
6 19
6 21
6 25
6 27
6 28
6 29
6 32
6 36
6 37
6 40
6 42
6 43
6 46
6 47
6 49
6 52
6 53
6 56
6 57
6 58
6 65
6 66
6 69
6 70
6 71
6 78
6 80
6 85
6 86
6 87
6 88
6 91
6 95
6 99
7 9
7 10
7 12
7 14
7 17
7 18
7 19
7 30
7 31
7 32
7 33
7 34
7 35
7 38
7 39
7 41
7 44
7 51
7 53
7 55
7 58
7 60
7 63
7 65
7 69
7 72
7 78
7 83
7 89
7 91
7 93
7 94
7 96
7 98
8 12
8 14
8 17
8 18
8 19
8 20
8 26
8 28
8 29
8 30
8 31
8 36
8 37
8 38
8 43
8 44
8 48
8 51
8 55
8 56
8 57
8 58
8 59
8 61
8 66
8 67
8 68
8 71
8 72
8 74
8 75
8 77
8 78
8 81
8 82
8 84
8 85
8 86
8 90
8 96
8 98
8 100
9 11
9 15
9 16
9 21
9 24
9 25
9 27
9 28
9 30
9 31
9 37
9 40
9 41
9 42
9 44
9 53
9 55
9 58
9 63
9 66
9 67
9 69
9 70
9 73
9 77
9 79
9 83
9 84
9 85
9 87
9 88
9 89
9 90
9 95
9 96
9 97
9 98
10 17
10 21
10 22
10 30
10 36
10 38
10 42
10 44
10 45
10 50
10 51
10 52
10 55
10 56
10 60
10 65
10 67
10 70
10 72
10 74
10 83
10 84
10 86
10 88
10 90
10 91
10 93
10 95
10 99
11 13
11 15
11 17
11 18
11 19
11 20
11 21
11 26
11 28
11 30
11 31
11 33
11 38
11 40
11 43
11 44
11 51
11 57
11 58
11 59
11 62
11 63
11 66
11 67
11 69
11 72
11 73
11 77
11 78
11 80
11 83
11 85
11 92
11 93
11 94
11 95
11 97
11 99
11 100
12 13
12 14
12 15
12 16
12 17
12 19
12 26
12 28
12 32
12 33
12 39
12 40
12 42
12 44
12 46
12 47
12 50
12 51
12 53
12 54
12 55
12 58
12 66
12 73
12 75
12 83
12 84
12 85
12 90
12 91
12 93
12 94
12 95
12 96
12 97
12 100
13 16
13 19
13 24
13 25
13 26
13 27
13 30
13 33
13 35
13 37
13 40
13 45
13 48
13 53
13 55
13 57
13 59
13 62
13 64
13 65
13 67
13 70
13 71
13 79
13 82
13 83
13 84
13 85
13 88
13 91
13 94
13 98
13 99
13 100
14 18
14 19
14 22
14 23
14 26
14 27
14 30
14 33
14 34
14 35
14 37
14 40
14 45
14 46
14 51
14 52
14 58
14 61
14 62
14 63
14 66
14 67
14 68
14 69
14 71
14 74
14 79
14 81
14 84
14 85
14 86
14 91
14 95
15 17
15 19
15 20
15 21
15 24
15 26
15 27
15 29
15 31
15 33
15 36
15 38
15 41
15 46
15 48
15 49
15 53
15 56
15 57
15 59
15 60
15 64
15 67
15 68
15 78
15 81
15 82
15 85
15 86
15 91
15 93
15 97
15 98
15 100
16 24
16 28
16 34
16 39
16 40
16 48
16 49
16 51
16 54
16 55
16 56
16 57
16 59
16 60
16 61
16 62
16 66
16 67
16 68
16 69
16 70
16 73
16 75
16 80
16 83
16 85
16 90
16 91
16 92
16 94
16 99
17 19
17 21
17 22
17 26
17 28
17 31
17 33
17 35
17 36
17 37
17 40
17 42
17 46
17 51
17 52
17 55
17 57
17 59
17 61
17 62
17 63
17 66
17 68
17 72
17 73
17 74
17 75
17 77
17 78
17 81
17 83
17 86
17 91
17 94
17 95
17 96
17 97
17 98
17 99
18 20
18 24
18 25
18 27
18 28
18 31
18 32
18 34
18 39
18 45
18 48
18 50
18 53
18 55
18 56
18 58
18 61
18 62
18 64
18 69
18 71
18 72
18 75
18 80
18 85
18 86
18 87
18 88
18 90
18 93
18 94
18 96
18 99
18 100
19 21
19 22
19 24
19 25
19 26
19 29
19 30
19 32
19 35
19 36
19 39
19 40
19 41
19 42
19 45
19 46
19 47
19 50
19 51
19 53
19 54
19 55
19 56
19 57
19 58
19 65
19 67
19 70
19 72
19 77
19 80
19 81
19 82
19 83
19 84
19 85
19 86
19 87
19 88
19 89
19 90
19 92
19 94
19 96
19 98
19 99
19 100
20 24
20 25
20 26
20 27
20 28
20 29
20 32
20 35
20 36
20 37
20 40
20 41
20 43
20 44
20 46
20 47
20 48
20 49
20 50
20 51
20 53
20 56
20 57
20 58
20 60
20 69
20 75
20 79
20 80
20 81
20 82
20 83
20 88
20 89
20 90
20 91
20 93
20 94
20 97
20 100
21 22
21 23
21 24
21 25
21 31
21 34
21 36
21 40
21 41
21 42
21 43
21 44
21 45
21 47
21 49
21 53
21 58
21 60
21 62
21 66
21 67
21 69
21 71
21 72
21 74
21 75
21 76
21 77
21 78
21 80
21 81
21 82
21 84
21 87
21 89
21 91
22 25
22 27
22 34
22 36
22 37
22 39
22 42
22 43
22 47
22 50
22 51
22 54
22 55
22 56
22 57
22 69
22 70
22 71
22 75
22 78
22 79
22 80
22 85
22 88
22 89
22 92
22 95
22 97
22 99
23 30
23 35
23 36
23 37
23 38
23 40
23 42
23 44
23 45
23 46
23 47
23 48
23 49
23 59
23 60
23 61
23 64
23 67
23 68
23 72
23 74
23 77
23 82
23 83
23 84
23 86
23 95
23 99
23 100
24 25
24 28
24 29
24 30
24 31
24 35
24 37
24 38
24 39
24 42
24 44
24 46
24 50
24 52
24 56
24 59
24 65
24 67
24 70
24 71
24 72
24 74
24 76
24 78
24 80
24 82
24 84
24 85
24 86
24 88
24 94
24 95
24 96
24 97
24 98
25 26
25 31
25 32
25 33
25 35
25 36
25 41
25 44
25 47
25 48
25 49
25 52
25 53
25 55
25 58
25 59
25 60
25 62
25 63
25 64
25 66
25 69
25 76
25 77
25 78
25 79
25 80
25 81
25 82
25 84
25 91
25 98
26 27
26 28
26 31
26 32
26 34
26 42
26 43
26 45
26 49
26 52
26 54
26 56
26 57
26 60
26 61
26 63
26 64
26 65
26 66
26 67
26 69
26 71
26 72
26 74
26 79
26 80
26 82
26 84
26 86
26 89
26 92
26 94
26 95
26 98
27 28
27 29
27 30
27 31
27 32
27 38
27 40
27 42
27 45
27 46
27 48
27 49
27 50
27 51
27 53
27 54
27 57
27 63
27 64
27 65
27 70
27 75
27 77
27 78
27 80
27 83
27 88
27 92
27 93
27 97
28 29
28 30
28 33
28 35
28 36
28 38
28 39
28 43
28 48
28 50
28 51
28 54
28 55
28 58
28 59
28 61
28 63
28 64
28 65
28 66
28 67
28 68
28 70
28 71
28 73
28 79
28 80
28 83
28 84
28 85
28 88
28 90
28 91
28 97
28 100
29 30
29 31
29 36
29 38
29 39
29 42
29 45
29 48
29 50
29 51
29 52
29 54
29 58
29 60
29 62
29 63
29 67
29 68
29 69
29 70
29 73
29 74
29 75
29 76
29 78
29 81
29 82
29 89
29 90
29 91
29 93
29 95
29 100
30 31
30 32
30 34
30 37
30 38
30 39
30 43
30 45
30 48
30 49
30 52
30 53
30 54
30 56
30 59
30 61
30 63
30 64
30 65
30 67
30 74
30 75
30 77
30 78
30 80
30 86
30 87
30 91
30 95
31 33
31 34
31 35
31 36
31 42
31 55
31 56
31 58
31 59
31 60
31 64
31 65
31 66
31 70
31 71
31 72
31 73
31 74
31 75
31 76
31 77
31 78
31 84
31 87
31 88
31 92
31 96
31 98
32 35
32 38
32 40
32 43
32 45
32 47
32 48
32 49
32 50
32 53
32 54
32 55
32 57
32 58
32 60
32 62
32 63
32 64
32 69
32 70
32 71
32 79
32 81
32 84
32 86
32 87
32 88
32 91
32 93
33 34
33 35
33 36
33 37
33 39
33 40
33 43
33 44
33 45
33 46
33 48
33 49
33 51
33 55
33 56
33 57
33 58
33 60
33 63
33 65
33 67
33 69
33 72
33 74
33 75
33 78
33 80
33 85
33 86
33 90
33 91
33 92
33 94
33 97
33 98
34 36
34 39
34 40
34 43
34 44
34 47
34 48
34 51
34 54
34 60
34 62
34 64
34 66
34 68
34 69
34 70
34 72
34 73
34 76
34 81
34 82
34 86
34 87
34 89
34 90
34 92
34 95
34 96
34 97
35 38
35 39
35 40
35 45
35 47
35 49
35 53
35 62
35 65
35 70
35 71
35 73
35 74
35 79
35 81
35 82
35 83
35 85
35 87
35 88
35 90
35 91
35 92
36 37
36 42
36 45
36 47
36 49
36 51
36 52
36 53
36 55
36 56
36 58
36 63
36 64
36 65
36 66
36 67
36 68
36 70
36 76
36 77
36 81
36 84
36 86
36 87
36 88
36 91
36 92
36 94
36 96
36 97
36 98
36 99
36 100
37 39
37 40
37 41
37 47
37 48
37 50
37 52
37 53
37 57
37 58
37 60
37 64
37 65
37 66
37 68
37 70
37 72
37 74
37 75
37 76
37 82
37 86
37 87
37 88
37 92
37 93
37 95
37 96
37 98
37 99
37 100
38 40
38 41
38 42
38 48
38 52
38 53
38 54
38 55
38 57
38 61
38 62
38 65
38 66
38 68
38 71
38 74
38 78
38 80
38 82
38 83
38 86
38 90
38 91
38 97
38 98
39 44
39 45
39 46
39 48
39 52
39 53
39 59
39 63
39 67
39 70
39 74
39 76
39 81
39 82
39 83
39 88
39 90
39 92
39 93
39 98
39 100
40 44
40 48
40 49
40 53
40 55
40 56
40 58
40 59
40 60
40 64
40 69
40 70
40 75
40 81
40 83
40 86
40 88
40 97
40 98
40 100
41 43
41 49
41 50
41 51
41 53
41 58
41 59
41 60
41 66
41 71
41 73
41 75
41 76
41 78
41 81
41 85
41 87
41 90
41 92
41 94
42 45
42 46
42 52
42 53
42 56
42 57
42 58
42 59
42 60
42 62
42 63
42 66
42 69
42 72
42 73
42 75
42 76
42 80
42 81
42 85
42 88
42 89
42 90
42 96
42 99
42 100
43 44
43 45
43 48
43 49
43 50
43 51
43 53
43 56
43 57
43 58
43 59
43 60
43 65
43 75
43 76
43 77
43 78
43 81
43 82
43 84
43 85
43 86
43 87
43 89
43 90
43 91
43 93
43 95
43 97
43 99
43 100
44 47
44 49
44 50
44 58
44 59
44 65
44 67
44 71
44 72
44 73
44 77
44 82
44 83
44 85
44 87
44 95
44 96
44 100
45 47
45 48
45 49
45 52
45 57
45 58
45 59
45 60
45 71
45 73
45 74
45 76
45 77
45 80
45 82
45 83
45 84
45 86
45 87
45 91
45 93
45 98
45 99
46 49
46 50
46 51
46 62
46 63
46 67
46 71
46 72
46 79
46 86
46 87
46 89
46 90
46 93
46 95
46 99
47 52
47 56
47 59
47 60
47 61
47 62
47 63
47 67
47 71
47 72
47 73
47 79
47 81
47 82
47 83
47 86
47 87
47 88
47 91
47 92
47 93
47 94
47 96
47 97
47 98
48 52
48 55
48 58
48 63
48 67
48 70
48 71
48 75
48 76
48 77
48 81
48 83
48 84
48 85
48 86
48 89
48 90
48 92
48 94
48 96
48 100
49 50
49 52
49 53
49 54
49 55
49 56
49 61
49 62
49 64
49 66
49 69
49 70
49 71
49 76
49 79
49 83
49 86
49 87
49 88
49 89
49 90
49 92
49 93
49 94
49 95
50 51
50 55
50 57
50 58
50 59
50 61
50 63
50 65
50 67
50 68
50 69
50 71
50 72
50 73
50 76
50 77
50 81
50 82
50 84
50 85
50 90
50 98
50 100
51 59
51 60
51 63
51 64
51 65
51 66
51 69
51 70
51 73
51 74
51 75
51 76
51 77
51 78
51 79
51 82
51 84
51 87
51 88
51 90
51 94
51 95
51 96
51 98
51 99
52 54
52 55
52 57
52 58
52 61
52 63
52 68
52 69
52 71
52 72
52 73
52 77
52 78
52 84
52 88
52 91
52 95
52 96
52 97
53 57
53 61
53 62
53 65
53 76
53 78
53 79
53 83
53 84
53 85
53 88
53 91
53 94
53 97
54 57
54 58
54 60
54 61
54 62
54 63
54 64
54 65
54 67
54 69
54 71
54 72
54 75
54 77
54 81
54 82
54 83
54 86
54 89
54 91
54 93
54 95
54 98
54 100
55 56
55 57
55 59
55 61
55 68
55 69
55 70
55 72
55 73
55 75
55 78
55 81
55 82
55 83
55 85
55 86
55 87
55 88
55 93
55 95
55 96
55 97
56 57
56 59
56 60
56 61
56 62
56 63
56 64
56 65
56 66
56 67
56 68
56 70
56 71
56 72
56 75
56 76
56 77
56 81
56 83
56 86
56 87
56 91
56 92
56 95
56 98
57 58
57 59
57 66
57 71
57 73
57 74
57 75
57 79
57 80
57 83
57 85
57 86
57 91
57 94
57 95
57 96
57 97
57 98
58 61
58 63
58 64
58 66
58 67
58 69
58 72
58 75
58 76
58 77
58 82
58 84
58 87
58 88
58 89
58 90
58 91
58 96
58 97
58 100
59 61
59 62
59 63
59 66
59 67
59 71
59 72
59 75
59 76
59 77
59 82
59 83
59 84
59 89
59 90
59 91
59 93
59 99
60 62
60 64
60 65
60 67
60 68
60 70
60 72
60 74
60 80
60 81
60 82
60 83
60 84
60 88
60 94
60 96
60 97
60 98
60 99
61 62
61 63
61 66
61 67
61 69
61 70
61 71
61 73
61 75
61 76
61 77
61 81
61 83
61 84
61 85
61 89
61 92
61 93
61 94
61 95
62 65
62 69
62 70
62 79
62 80
62 82
62 87
62 91
62 93
62 95
63 65
63 67
63 68
63 69
63 71
63 73
63 76
63 79
63 88
63 89
63 92
63 93
63 94
63 100
64 65
64 68
64 73
64 76
64 77
64 81
64 83
64 88
64 89
64 91
64 92
64 93
64 96
64 97
64 100
65 67
65 70
65 75
65 76
65 79
65 81
65 82
65 87
65 89
65 90
65 94
65 99
65 100
66 68
66 69
66 70
66 71
66 75
66 82
66 83
66 85
66 88
66 91
66 92
66 94
66 97
66 99
67 70
67 72
67 73
67 74
67 77
67 79
67 81
67 86
67 89
67 90
67 92
67 93
67 96
67 99
68 69
68 70
68 71
68 74
68 75
68 76
68 77
68 78
68 80
68 83
68 86
68 87
68 90
68 93
68 94
68 96
68 97
68 100
69 70
69 74
69 75
69 76
69 82
69 83
69 89
69 90
69 92
69 93
69 97
69 98
70 76
70 80
70 85
70 86
70 87
70 88
70 91
70 93
70 94
70 100
71 73
71 74
71 75
71 76
71 77
71 82
71 84
71 85
71 88
71 92
71 93
71 94
71 95
71 99
71 100
72 73
72 74
72 76
72 77
72 85
72 91
72 93
72 97
72 99
73 81
73 82
73 85
73 90
73 98
74 76
74 78
74 80
74 81
74 83
74 84
74 85
74 86
74 90
74 91
74 93
74 96
74 98
74 99
75 77
75 78
75 79
75 80
75 81
75 82
75 86
75 88
75 89
75 90
75 91
75 92
75 94
75 96
75 98
75 99
75 100
76 78
76 79
76 84
76 91
76 92
76 94
76 97
76 99
76 100
77 78
77 79
77 85
77 86
77 90
77 92
77 96
77 97
77 99
78 79
78 81
78 82
78 83
78 84
78 85
78 86
78 90
78 94
79 90
79 97
80 85
80 86
80 87
80 88
80 97
80 98
80 100
81 82
81 83
81 85
81 86
81 87
81 88
81 91
81 93
81 95
81 96
81 98
81 99
82 84
82 86
82 89
82 90
82 92
82 93
82 94
83 87
83 88
83 90
83 91
83 95
83 97
83 99
84 86
84 88
84 90
84 91
84 92
84 95
84 97
84 99
84 100
85 86
85 90
85 92
85 93
85 94
86 89
86 91
86 93
86 97
86 100
87 89
87 91
87 92
87 97
87 100
88 90
88 92
88 97
88 99
89 90
89 94
89 96
89 98
90 93
90 96
90 97
90 99
91 100
92 97
92 98
92 99
92 100
93 96
93 97
93 98
94 98
94 99
95 98
96 98
96 99
96 100
97 100
98 99
99 100
