1 2
1 3
1 5
1 6
1 7
1 11
1 12
1 13
1 14
1 15
1 19
1 20
1 21
1 23
1 25
1 26
1 27
1 28
1 31
1 32
1 33
1 34
1 36
1 40
1 41
1 42
1 43
1 44
1 47
1 48
1 49
1 50
1 52
1 53
1 59
1 60
1 68
1 69
1 70
1 72
1 74
1 75
1 76
1 81
1 82
1 83
1 87
1 90
1 92
1 93
1 96
1 98
1 99
1 103
1 104
1 105
1 108
1 109
1 110
1 111
1 112
1 117
1 119
1 120
1 122
1 127
1 128
1 129
1 130
1 131
1 133
1 134
1 135
1 136
1 137
1 138
1 139
1 142
1 143
1 145
1 148
1 149
1 152
1 154
1 155
1 156
1 157
1 159
1 161
1 162
1 165
1 167
1 169
1 170
1 174
1 175
1 179
1 180
1 182
1 183
1 186
1 187
1 189
1 190
1 191
1 193
1 194
1 195
1 196
1 198
1 199
2 3
2 6
2 7
2 8
2 9
2 10
2 11
2 12
2 13
2 14
2 15
2 17
2 18
2 19
2 20
2 21
2 22
2 24
2 25
2 26
2 27
2 29
2 31
2 32
2 33
2 34
2 35
2 36
2 38
2 39
2 40
2 41
2 42
2 49
2 50
2 51
2 52
2 54
2 57
2 58
2 59
2 61
2 63
2 64
2 68
2 69
2 70
2 72
2 73
2 74
2 76
2 77
2 80
2 81
2 84
2 88
2 89
2 90
2 91
2 92
2 93
2 98
2 100
2 101
2 102
2 103
2 104
2 105
2 107
2 108
2 111
2 113
2 114
2 115
2 117
2 118
2 119
2 120
2 121
2 123
2 124
2 125
2 126
2 129
2 130
2 133
2 135
2 136
2 137
2 139
2 140
2 141
2 142
2 145
2 146
2 147
2 149
2 151
2 153
2 154
2 155
2 157
2 160
2 161
2 162
2 164
2 167
2 168
2 169
2 170
2 171
2 172
2 174
2 176
2 177
2 178
2 179
2 181
2 182
2 183
2 185
2 186
2 187
2 188
2 189
2 193
2 194
2 198
2 199
3 8
3 9
3 11
3 14
3 15
3 16
3 18
3 19
3 21
3 22
3 23
3 24
3 25
3 27
3 28
3 30
3 32
3 36
3 38
3 40
3 41
3 43
3 44
3 46
3 47
3 49
3 50
3 52
3 53
3 54
3 57
3 60
3 62
3 64
3 65
3 67
3 68
3 69
3 70
3 73
3 75
3 76
3 77
3 78
3 81
3 85
3 87
3 88
3 95
3 96
3 97
3 100
3 101
3 102
3 103
3 106
3 107
3 109
3 110
3 111
3 112
3 113
3 116
3 118
3 121
3 123
3 124
3 125
3 126
3 127
3 129
3 131
3 132
3 133
3 136
3 138
3 139
3 141
3 142
3 143
3 144
3 146
3 147
3 149
3 153
3 155
3 156
3 158
3 159
3 163
3 165
3 167
3 168
3 169
3 170
3 173
3 174
3 175
3 176
3 178
3 179
3 180
3 181
3 183
3 184
3 185
3 186
3 188
3 192
3 193
3 194
3 196
3 198
4 5
4 6
4 8
4 11
4 13
4 14
4 15
4 18
4 20
4 21
4 22
4 23
4 24
4 26
4 27
4 28
4 29
4 30
4 32
4 34
4 35
4 37
4 39
4 40
4 41
4 43
4 44
4 45
4 47
4 48
4 49
4 52
4 54
4 55
4 56
4 57
4 58
4 60
4 63
4 64
4 66
4 67
4 68
4 69
4 70
4 72
4 73
4 74
4 77
4 78
4 80
4 82
4 83
4 84
4 85
4 86
4 87
4 88
4 89
4 90
4 91
4 92
4 93
4 96
4 97
4 98
4 99
4 101
4 103
4 104
4 106
4 107
4 109
4 110
4 112
4 113
4 114
4 115
4 117
4 119
4 120
4 121
4 122
4 124
4 125
4 126
4 128
4 129
4 132
4 133
4 135
4 136
4 137
4 138
4 139
4 142
4 143
4 144
4 146
4 150
4 153
4 154
4 155
4 156
4 157
4 161
4 162
4 164
4 165
4 166
4 168
4 170
4 174
4 175
4 176
4 178
4 183
4 188
4 189
4 190
4 191
4 192
4 193
4 197
4 198
4 199
5 6
5 7
5 9
5 10
5 11
5 15
5 17
5 18
5 19
5 23
5 24
5 25
5 26
5 27
5 28
5 30
5 31
5 33
5 34
5 35
5 36
5 37
5 40
5 41
5 42
5 43
5 44
5 45
5 47
5 50
5 51
5 52
5 53
5 55
5 60
5 61
5 62
5 63
5 65
5 68
5 69
5 71
5 74
5 76
5 78
5 79
5 84
5 85
5 87
5 88
5 90
5 92
5 93
5 94
5 96
5 97
5 98
5 107
5 113
5 114
5 116
5 117
5 120
5 121
5 123
5 126
5 127
5 132
5 134
5 135
5 136
5 137
5 142
5 143
5 144
5 145
5 147
5 149
5 151
5 153
5 154
5 156
5 159
5 162
5 163
5 164
5 165
5 166
5 167
5 169
5 170
5 175
5 176
5 177
5 179
5 180
5 181
5 184
5 187
5 190
5 191
5 193
5 195
5 197
5 198
5 199
6 7
6 8
6 9
6 10
6 12
6 14
6 15
6 16
6 18
6 19
6 20
6 24
6 25
6 27
6 28
6 31
6 33
6 36
6 37
6 38
6 40
6 41
6 42
6 43
6 46
6 47
6 49
6 52
6 53
6 54
6 55
6 56
6 57
6 60
6 63
6 66
6 67
6 68
6 71
6 73
6 74
6 77
6 80
6 81
6 82
6 83
6 85
6 87
6 89
6 91
6 94
6 95
6 96
6 97
6 100
6 101
6 102
6 106
6 108
6 109
6 112
6 113
6 114
6 115
6 117
6 122
6 125
6 126
6 127
6 129
6 131
6 134
6 135
6 136
6 138
6 139
6 140
6 142
6 143
6 144
6 145
6 146
6 147
6 148
6 151
6 153
6 154
6 155
6 157
6 161
6 163
6 169
6 170
6 173
6 174
6 175
6 176
6 179
6 180
6 184
6 187
6 188
6 190
6 191
6 192
6 193
6 194
6 195
6 196
7 9
7 10
7 11
7 12
7 13
7 14
7 15
7 17
7 18
7 21
7 22
7 25
7 29
7 31
7 32
7 33
7 34
7 36
7 39
7 40
7 42
7 44
7 46
7 48
7 50
7 51
7 55
7 57
7 58
7 60
7 61
7 62
7 64
7 68
7 69
7 70
7 71
7 72
7 73
7 75
7 76
7 77
7 78
7 81
7 83
7 85
7 86
7 87
7 89
7 93
7 95
7 96
7 97
7 98
7 99
7 102
7 103
7 104
7 105
7 106
7 108
7 109
7 110
7 112
7 113
7 116
7 117
7 119
7 120
7 121
7 122
7 124
7 125
7 129
7 131
7 133
7 134
7 135
7 138
7 142
7 143
7 144
7 145
7 147
7 148
7 149
7 151
7 152
7 153
7 154
7 155
7 157
7 159
7 163
7 165
7 166
7 168
7 170
7 172
7 173
7 174
7 176
7 177
7 178
7 179
7 181
7 182
7 186
7 188
7 189
7 192
7 193
7 195
7 196
7 198
7 199
8 10
8 11
8 13
8 15
8 16
8 17
8 18
8 20
8 21
8 22
8 23
8 24
8 25
8 26
8 27
8 30
8 31
8 33
8 34
8 38
8 39
8 40
8 41
8 43
8 44
8 45
8 47
8 49
8 50
8 51
8 54
8 56
8 57
8 59
8 60
8 61
8 62
8 63
8 64
8 66
8 67
8 68
8 69
8 71
8 72
8 73
8 75
8 76
8 78
8 79
8 81
8 83
8 86
8 88
8 90
8 91
8 92
8 97
8 98
8 99
8 105
8 106
8 107
8 110
8 115
8 119
8 122
8 123
8 124
8 126
8 127
8 128
8 129
8 130
8 132
8 135
8 136
8 137
8 138
8 139
8 140
8 141
8 142
8 144
8 145
8 148
8 151
8 152
8 155
8 158
8 159
8 160
8 161
8 163
8 165
8 167
8 168
8 169
8 173
8 174
8 175
8 176
8 182
8 183
8 184
8 185
8 186
8 187
8 191
8 193
8 195
8 197
8 199
9 10
9 11
9 14
9 15
9 18
9 24
9 25
9 27
9 29
9 30
9 32
9 36
9 37
9 38
9 39
9 40
9 42
9 45
9 46
9 48
9 50
9 51
9 52
9 53
9 58
9 60
9 61
9 62
9 63
9 64
9 66
9 68
9 70
9 72
9 73
9 75
9 76
9 77
9 79
9 80
9 83
9 84
9 85
9 86
9 88
9 90
9 92
9 94
9 95
9 96
9 98
9 101
9 102
9 103
9 104
9 105
9 106
9 107
9 108
9 109
9 112
9 113
9 115
9 116
9 119
9 121
9 123
9 125
9 126
9 129
9 130
9 131
9 132
9 133
9 137
9 138
9 140
9 141
9 143
9 144
9 145
9 148
9 151
9 152
9 153
9 155
9 159
9 160
9 161
9 162
9 163
9 164
9 165
9 169
9 171
9 173
9 174
9 175
9 176
9 178
9 181
9 182
9 185
9 187
9 190
9 192
9 193
9 195
9 196
9 197
9 198
10 12
10 15
10 17
10 18
10 20
10 21
10 24
10 26
10 27
10 28
10 29
10 32
10 34
10 35
10 36
10 39
10 40
10 41
10 42
10 45
10 48
10 49
10 51
10 52
10 53
10 55
10 60
10 61
10 64
10 65
10 71
10 72
10 74
10 75
10 76
10 78
10 79
10 81
10 83
10 84
10 86
10 87
10 89
10 90
10 91
10 92
10 93
10 94
10 96
10 97
10 99
10 103
10 104
10 105
10 106
10 109
10 111
10 114
10 115
10 117
10 119
10 120
10 121
10 123
10 124
10 125
10 126
10 127
10 129
10 131
10 132
10 133
10 134
10 135
10 138
10 140
10 141
10 142
10 143
10 145
10 146
10 147
10 150
10 151
10 152
10 153
10 154
10 156
10 157
10 159
10 160
10 161
10 162
10 164
10 165
10 166
10 169
10 170
10 173
10 176
10 178
10 180
10 181
10 182
10 183
10 184
10 186
10 187
10 188
10 192
10 193
10 195
10 196
10 197
10 198
11 12
11 13
11 14
11 15
11 16
11 20
11 21
11 27
11 29
11 33
11 34
11 36
11 38
11 40
11 41
11 43
11 44
11 45
11 46
11 47
11 49
11 50
11 51
11 53
11 56
11 57
11 58
11 59
11 61
11 62
11 63
11 65
11 66
11 68
11 69
11 70
11 73
11 75
11 76
11 77
11 78
11 81
11 83
11 88
11 89
11 93
11 96
11 97
11 98
11 99
11 100
11 101
11 103
11 104
11 108
11 111
11 112
11 114
11 115
11 117
11 118
11 119
11 121
11 122
11 125
11 129
11 130
11 135
11 138
11 142
11 143
11 144
11 145
11 146
11 147
11 148
11 150
11 151
11 152
11 153
11 154
11 155
11 162
11 164
11 165
11 167
11 168
11 169
11 170
11 173
11 174
11 176
11 177
11 179
11 180
11 182
11 183
11 184
11 185
11 186
11 187
11 190
11 191
11 192
11 195
11 197
11 198
11 199
12 15
12 16
12 17
12 19
12 20
12 22
12 23
12 24
12 25
12 26
12 28
12 29
12 30
12 32
12 33
12 34
12 35
12 36
12 38
12 39
12 40
12 41
12 42
12 43
12 44
12 45
12 46
12 48
12 49
12 50
12 52
12 53
12 55
12 56
12 58
12 60
12 62
12 63
12 66
12 68
12 69
12 70
12 72
12 73
12 74
12 75
12 76
12 78
12 80
12 81
12 83
12 85
12 86
12 87
12 88
12 89
12 90
12 91
12 92
12 93
12 94
12 97
12 100
12 104
12 105
12 106
12 108
12 109
12 110
12 111
12 112
12 114
12 118
12 119
12 120
12 122
12 123
12 124
12 126
12 127
12 129
12 131
12 132
12 136
12 137
12 138
12 139
12 140
12 142
12 143
12 149
12 150
12 153
12 157
12 158
12 159
12 161
12 162
12 163
12 164
12 165
12 166
12 167
12 168
12 169
12 170
12 171
12 174
12 176
12 178
12 182
12 185
12 189
12 190
12 191
12 192
12 193
12 194
12 195
12 198
13 14
13 15
13 16
13 18
13 20
13 21
13 22
13 23
13 24
13 25
13 28
13 30
13 32
13 33
13 34
13 35
13 40
13 41
13 42
13 44
13 45
13 46
13 48
13 50
13 52
13 53
13 57
13 60
13 62
13 66
13 67
13 69
13 70
13 76
13 77
13 79
13 80
13 81
13 82
13 83
13 84
13 85
13 86
13 88
13 90
13 92
13 94
13 95
13 96
13 97
13 98
13 99
13 100
13 101
13 102
13 103
13 104
13 105
13 106
13 107
13 108
13 109
13 110
13 112
13 114
13 116
13 118
13 119
13 120
13 121
13 122
13 123
13 129
13 131
13 132
13 133
13 134
13 135
13 136
13 137
13 138
13 139
13 141
13 144
13 146
13 147
13 149
13 150
13 151
13 152
13 153
13 154
13 156
13 158
13 159
13 161
13 163
13 164
13 165
13 167
13 169
13 170
13 171
13 174
13 175
13 178
13 180
13 183
13 186
13 187
13 188
13 189
13 191
13 192
13 193
13 194
13 195
13 197
13 198
14 17
14 20
14 21
14 23
14 24
14 25
14 28
14 30
14 32
14 33
14 34
14 35
14 36
14 38
14 39
14 41
14 43
14 44
14 45
14 46
14 48
14 49
14 51
14 53
14 56
14 57
14 58
14 60
14 61
14 62
14 64
14 65
14 66
14 68
14 69
14 71
14 72
14 73
14 74
14 76
14 78
14 81
14 83
14 84
14 86
14 87
14 88
14 89
14 90
14 91
14 92
14 99
14 101
14 102
14 104
14 105
14 107
14 110
14 111
14 112
14 113
14 115
14 116
14 117
14 119
14 120
14 121
14 122
14 123
14 126
14 127
14 130
14 134
14 136
14 138
14 139
14 140
14 143
14 144
14 145
14 146
14 147
14 148
14 153
14 154
14 155
14 156
14 157
14 158
14 159
14 161
14 164
14 169
14 174
14 175
14 176
14 177
14 179
14 181
14 182
14 185
14 186
14 187
14 190
14 193
14 194
14 195
14 197
14 198
15 17
15 18
15 19
15 20
15 22
15 23
15 25
15 26
15 28
15 30
15 31
15 32
15 33
15 35
15 39
15 40
15 41
15 42
15 43
15 44
15 46
15 48
15 49
15 50
15 51
15 53
15 54
15 55
15 56
15 59
15 60
15 61
15 63
15 64
15 65
15 68
15 69
15 70
15 71
15 72
15 75
15 76
15 77
15 79
15 80
15 82
15 84
15 85
15 87
15 89
15 90
15 92
15 94
15 96
15 98
15 102
15 103
15 104
15 107
15 108
15 110
15 112
15 113
15 114
15 115
15 116
15 117
15 119
15 121
15 122
15 125
15 126
15 127
15 128
15 130
15 131
15 133
15 134
15 137
15 138
15 139
15 140
15 141
15 145
15 146
15 147
15 148
15 149
15 150
15 151
15 152
15 154
15 155
15 159
15 160
15 163
15 166
15 168
15 169
15 172
15 173
15 177
15 178
15 181
15 182
15 184
15 186
15 188
15 195
15 197
15 198
15 199
16 18
16 19
16 21
16 23
16 24
16 26
16 30
16 32
16 33
16 34
16 37
16 38
16 39
16 40
16 41
16 42
16 44
16 47
16 49
16 51
16 52
16 54
16 56
16 58
16 61
16 62
16 63
16 66
16 67
16 69
16 71
16 72
16 73
16 74
16 75
16 76
16 79
16 82
16 84
16 85
16 87
16 90
16 91
16 93
16 94
16 95
16 97
16 100
16 102
16 104
16 105
16 106
16 108
16 109
16 110
16 111
16 112
16 113
16 114
16 117
16 118
16 121
16 125
16 129
16 132
16 133
16 134
16 135
16 136
16 139
16 140
16 142
16 144
16 147
16 148
16 149
16 151
16 155
16 157
16 159
16 160
16 162
16 163
16 164
16 165
16 166
16 167
16 168
16 169
16 172
16 175
16 179
16 180
16 182
16 183
16 186
16 187
16 188
16 192
16 193
16 194
16 196
16 197
16 198
16 199
17 21
17 22
17 25
17 27
17 28
17 30
17 34
17 35
17 37
17 39
17 43
17 45
17 47
17 49
17 52
17 55
17 56
17 58
17 59
17 60
17 61
17 62
17 65
17 66
17 71
17 74
17 75
17 76
17 77
17 78
17 80
17 81
17 86
17 90
17 92
17 93
17 96
17 99
17 100
17 101
17 102
17 103
17 104
17 105
17 106
17 107
17 108
17 113
17 117
17 118
17 121
17 123
17 125
17 126
17 127
17 128
17 129
17 130
17 134
17 136
17 137
17 138
17 140
17 142
17 151
17 152
17 154
17 155
17 156
17 157
17 158
17 159
17 160
17 163
17 165
17 167
17 169
17 170
17 171
17 172
17 174
17 175
17 176
17 177
17 178
17 179
17 180
17 181
17 183
17 185
17 188
17 194
18 20
18 23
18 25
18 26
18 28
18 30
18 31
18 32
18 34
18 36
18 37
18 39
18 43
18 44
18 45
18 47
18 48
18 52
18 54
18 56
18 58
18 59
18 60
18 61
18 63
18 65
18 66
18 67
18 68
18 70
18 71
18 72
18 74
18 75
18 81
18 84
18 86
18 87
18 89
18 93
18 94
18 95
18 96
18 97
18 98
18 99
18 101
18 102
18 104
18 105
18 106
18 107
18 111
18 112
18 114
18 116
18 117
18 118
18 121
18 123
18 129
18 130
18 131
18 132
18 133
18 134
18 136
18 137
18 138
18 139
18 141
18 143
18 145
18 146
18 147
18 148
18 149
18 151
18 153
18 154
18 158
18 159
18 160
18 161
18 162
18 163
18 165
18 166
18 167
18 171
18 172
18 173
18 174
18 175
18 177
18 179
18 183
18 185
18 186
18 187
18 189
18 190
18 192
18 193
18 194
18 196
18 197
18 199
19 20
19 21
19 23
19 28
19 29
19 31
19 33
19 34
19 35
19 37
19 38
19 39
19 40
19 41
19 42
19 43
19 44
19 48
19 49
19 50
19 51
19 52
19 53
19 54
19 55
19 57
19 58
19 59
19 61
19 63
19 64
19 66
19 68
19 70
19 72
19 75
19 76
19 77
19 79
19 80
19 81
19 82
19 83
19 84
19 85
19 86
19 89
19 94
19 96
19 97
19 98
19 99
19 101
19 105
19 107
19 109
19 112
19 113
19 115
19 116
19 118
19 121
19 122
19 124
19 125
19 127
19 131
19 132
19 135
19 136
19 137
19 141
19 142
19 143
19 146
19 147
19 148
19 149
19 150
19 152
19 153
19 158
19 160
19 162
19 163
19 164
19 165
19 167
19 172
19 176
19 178
19 179
19 180
19 184
19 185
19 186
19 187
19 188
19 189
19 190
19 192
19 195
19 196
19 197
19 199
20 21
20 23
20 24
20 25
20 26
20 27
20 28
20 32
20 33
20 34
20 35
20 36
20 37
20 39
20 40
20 41
20 45
20 46
20 47
20 50
20 51
20 52
20 53
20 55
20 56
20 57
20 59
20 60
20 62
20 66
20 68
20 69
20 70
20 71
20 75
20 78
20 79
20 80
20 81
20 82
20 85
20 88
20 89
20 92
20 94
20 97
20 98
20 101
20 104
20 106
20 108
20 115
20 116
20 118
20 119
20 120
20 121
20 124
20 125
20 126
20 128
20 129
20 130
20 131
20 132
20 133
20 134
20 136
20 140
20 143
20 144
20 145
20 146
20 147
20 148
20 150
20 151
20 153
20 156
20 158
20 159
20 160
20 161
20 162
20 164
20 165
20 166
20 170
20 171
20 173
20 174
20 175
20 177
20 178
20 180
20 182
20 183
20 184
20 185
20 188
20 189
20 190
20 192
20 194
20 197
20 198
20 199
21 22
21 23
21 24
21 26
21 29
21 30
21 31
21 33
21 34
21 36
21 41
21 42
21 45
21 46
21 48
21 52
21 53
21 54
21 56
21 57
21 58
21 59
21 60
21 62
21 63
21 65
21 66
21 67
21 71
21 73
21 74
21 76
21 77
21 78
21 79
21 85
21 86
21 89
21 90
21 91
21 92
21 93
21 95
21 96
21 99
21 100
21 101
21 102
21 107
21 108
21 109
21 111
21 112
21 113
21 114
21 116
21 118
21 119
21 121
21 125
21 126
21 127
21 128
21 129
21 136
21 138
21 139
21 141
21 142
21 144
21 145
21 146
21 147
21 148
21 149
21 150
21 151
21 152
21 153
21 155
21 156
21 159
21 160
21 161
21 162
21 163
21 164
21 165
21 167
21 168
21 169
21 170
21 171
21 172
21 173
21 174
21 178
21 180
21 182
21 185
21 187
21 188
21 191
21 194
21 195
21 196
21 197
21 198
22 23
22 24
22 29
22 30
22 31
22 33
22 35
22 42
22 43
22 44
22 45
22 46
22 47
22 48
22 49
22 50
22 51
22 54
22 55
22 57
22 58
22 60
22 62
22 63
22 66
22 68
22 69
22 70
22 71
22 72
22 73
22 77
22 78
22 79
22 80
22 81
22 85
22 86
22 89
22 90
22 92
22 93
22 95
22 96
22 97
22 98
22 99
22 100
22 101
22 102
22 103
22 106
22 107
22 108
22 111
22 112
22 114
22 116
22 117
22 119
22 121
22 122
22 123
22 124
22 125
22 128
22 129
22 130
22 131
22 132
22 134
22 135
22 136
22 138
22 139
22 142
22 143
22 144
22 146
22 147
22 148
22 149
22 150
22 151
22 152
22 153
22 154
22 157
22 159
22 161
22 163
22 164
22 165
22 169
22 172
22 173
22 177
22 178
22 183
22 184
22 185
22 186
22 189
22 191
22 192
22 193
22 194
22 195
22 197
22 198
22 199
23 24
23 25
23 26
23 27
23 29
23 31
23 36
23 37
23 38
23 39
23 42
23 43
23 45
23 46
23 47
23 49
23 50
23 54
23 55
23 56
23 57
23 58
23 59
23 60
23 61
23 63
23 64
23 68
23 69
23 70
23 71
23 72
23 73
23 75
23 76
23 77
23 78
23 81
23 82
23 85
23 86
23 87
23 88
23 90
23 91
23 92
23 93
23 94
23 97
23 102
23 103
23 106
23 107
23 108
23 110
23 115
23 116
23 118
23 119
23 120
23 121
23 122
23 123
23 125
23 127
23 128
23 129
23 130
23 134
23 136
23 138
23 140
23 144
23 145
23 146
23 147
23 148
23 149
23 150
23 151
23 153
23 154
23 156
23 158
23 159
23 160
23 162
23 163
23 164
23 167
23 169
23 170
23 171
23 173
23 175
23 176
23 177
23 178
23 179
23 180
23 183
23 185
23 186
23 188
23 189
23 191
23 192
23 193
23 194
23 195
23 196
23 197
23 198
23 199
24 27
24 29
24 31
24 33
24 34
24 35
24 36
24 37
24 38
24 39
24 40
24 42
24 43
24 44
24 46
24 51
24 52
24 53
24 54
24 57
24 58
24 59
24 60
24 61
24 62
24 63
24 64
24 65
24 67
24 68
24 69
24 70
24 72
24 73
24 74
24 77
24 78
24 80
24 81
24 84
24 85
24 86
24 87
24 88
24 89
24 90
24 91
24 92
24 94
24 95
24 96
24 98
24 101
24 102
24 103
24 105
24 106
24 108
24 109
24 110
24 111
24 114
24 115
24 118
24 120
24 122
24 123
24 124
24 127
24 130
24 131
24 132
24 134
24 135
24 139
24 142
24 145
24 148
24 149
24 150
24 151
24 152
24 153
24 154
24 155
24 156
24 157
24 158
24 159
24 163
24 166
24 167
24 170
24 174
24 175
24 179
24 181
24 184
24 185
24 187
24 189
24 191
24 192
24 198
25 26
25 27
25 28
25 30
25 33
25 35
25 36
25 37
25 38
25 39
25 41
25 43
25 45
25 46
25 48
25 49
25 52
25 53
25 54
25 55
25 56
25 58
25 64
25 65
25 66
25 70
25 73
25 74
25 77
25 81
25 83
25 88
25 90
25 91
25 93
25 96
25 97
25 98
25 99
25 102
25 103
25 106
25 108
25 109
25 111
25 112
25 114
25 115
25 116
25 117
25 118
25 119
25 120
25 121
25 124
25 125
25 126
25 127
25 129
25 130
25 132
25 133
25 135
25 136
25 137
25 138
25 139
25 140
25 141
25 143
25 144
25 147
25 149
25 150
25 151
25 153
25 154
25 156
25 157
25 160
25 161
25 162
25 164
25 165
25 166
25 167
25 168
25 173
25 175
25 179
25 181
25 183
25 184
25 187
25 188
25 190
25 192
25 193
25 194
25 196
25 197
25 198
25 199
26 30
26 31
26 32
26 35
26 36
26 37
26 39
26 41
26 42
26 43
26 44
26 47
26 48
26 50
26 51
26 52
26 53
26 54
26 55
26 57
26 59
26 60
26 61
26 65
26 66
26 68
26 69
26 70
26 73
26 74
26 75
26 76
26 77
26 79
26 81
26 82
26 83
26 84
26 87
26 88
26 90
26 91
26 92
26 93
26 95
26 96
26 98
26 99
26 101
26 103
26 104
26 108
26 109
26 112
26 113
26 114
26 115
26 116
26 118
26 120
26 122
26 123
26 128
26 130
26 131
26 133
26 134
26 135
26 136
26 137
26 138
26 139
26 142
26 143
26 145
26 146
26 150
26 151
26 153
26 161
26 162
26 163
26 165
26 166
26 167
26 168
26 171
26 172
26 173
26 174
26 175
26 176
26 177
26 178
26 179
26 182
26 184
26 185
26 186
26 187
26 190
26 191
26 192
26 193
26 197
27 28
27 29
27 34
27 35
27 36
27 38
27 39
27 40
27 41
27 47
27 48
27 51
27 53
27 55
27 56
27 57
27 58
27 61
27 63
27 64
27 65
27 66
27 69
27 71
27 75
27 76
27 77
27 78
27 79
27 80
27 81
27 82
27 83
27 84
27 85
27 88
27 89
27 90
27 93
27 97
27 98
27 100
27 101
27 102
27 103
27 104
27 106
27 107
27 108
27 110
27 111
27 113
27 114
27 115
27 116
27 117
27 119
27 120
27 121
27 125
27 129
27 131
27 133
27 134
27 138
27 139
27 141
27 144
27 146
27 149
27 150
27 151
27 152
27 153
27 155
27 156
27 157
27 159
27 160
27 162
27 163
27 164
27 165
27 168
27 169
27 170
27 171
27 173
27 174
27 175
27 176
27 177
27 184
27 187
27 189
27 190
27 193
27 195
27 196
28 29
28 30
28 32
28 33
28 38
28 39
28 40
28 41
28 42
28 43
28 44
28 45
28 47
28 49
28 50
28 51
28 52
28 53
28 55
28 56
28 57
28 60
28 64
28 65
28 66
28 68
28 69
28 75
28 76
28 77
28 78
28 82
28 83
28 84
28 86
28 90
28 91
28 92
28 95
28 96
28 97
28 98
28 99
28 101
28 102
28 103
28 104
28 105
28 106
28 107
28 110
28 111
28 113
28 114
28 116
28 120
28 121
28 123
28 124
28 125
28 126
28 127
28 128
28 129
28 130
28 132
28 134
28 135
28 136
28 138
28 140
28 141
28 142
28 143
28 145
28 146
28 148
28 149
28 150
28 152
28 153
28 158
28 160
28 164
28 166
28 167
28 168
28 169
28 170
28 171
28 175
28 176
28 177
28 178
28 179
28 180
28 184
28 188
28 189
28 190
28 191
28 195
28 197
28 199
29 30
29 31
29 32
29 34
29 36
29 40
29 41
29 45
29 46
29 48
29 50
29 51
29 52
29 55
29 57
29 59
29 60
29 61
29 64
29 65
29 68
29 69
29 70
29 72
29 75
29 77
29 78
29 80
29 82
29 83
29 84
29 86
29 87
29 88
29 89
29 91
29 92
29 94
29 97
29 100
29 102
29 103
29 104
29 105
29 106
29 107
29 108
29 109
29 110
29 111
29 113
29 115
29 116
29 118
29 119
29 120
29 126
29 127
29 129
29 131
29 132
29 133
29 134
29 136
29 140
29 141
29 142
29 143
29 145
29 146
29 148
29 149
29 152
29 153
29 154
29 156
29 157
29 159
29 161
29 162
29 163
29 166
29 167
29 168
29 170
29 171
29 173
29 174
29 175
29 176
29 177
29 179
29 182
29 184
29 186
29 188
29 192
29 194
29 195
29 198
29 199
30 31
30 36
30 37
30 42
30 43
30 44
30 45
30 47
30 48
30 50
30 51
30 52
30 53
30 55
30 56
30 59
30 60
30 63
30 65
30 66
30 67
30 69
30 74
30 78
30 80
30 82
30 84
30 85
30 86
30 87
30 88
30 89
30 90
30 91
30 92
30 93
30 95
30 97
30 100
30 105
30 106
30 107
30 108
30 111
30 113
30 115
30 117
30 121
30 122
30 126
30 128
30 129
30 130
30 132
30 133
30 135
30 136
30 137
30 138
30 139
30 140
30 141
30 142
30 144
30 146
30 147
30 148
30 149
30 150
30 152
30 153
30 155
30 158
30 161
30 162
30 163
30 164
30 167
30 168
30 169
30 170
30 171
30 172
30 175
30 177
30 178
30 179
30 180
30 183
30 186
30 189
30 191
30 193
30 194
30 195
30 196
31 37
31 38
31 39
31 40
31 41
31 43
31 48
31 52
31 53
31 56
31 57
31 58
31 59
31 60
31 61
31 64
31 65
31 66
31 67
31 69
31 72
31 74
31 77
31 78
31 82
31 83
31 84
31 86
31 87
31 88
31 93
31 95
31 97
31 99
31 102
31 103
31 104
31 105
31 109
31 111
31 112
31 113
31 114
31 115
31 118
31 119
31 120
31 121
31 122
31 123
31 125
31 127
31 130
31 131
31 132
31 133
31 134
31 139
31 140
31 141
31 142
31 143
31 147
31 148
31 149
31 150
31 151
31 153
31 155
31 156
31 158
31 159
31 160
31 163
31 164
31 166
31 167
31 168
31 172
31 173
31 175
31 176
31 177
31 178
31 180
31 182
31 183
31 184
31 186
31 187
31 188
31 189
31 190
31 191
31 192
31 193
31 195
31 196
32 34
32 35
32 37
32 43
32 44
32 47
32 51
32 52
32 53
32 54
32 55
32 56
32 57
32 58
32 59
32 60
32 61
32 62
32 63
32 64
32 66
32 69
32 70
32 72
32 74
32 75
32 76
32 81
32 82
32 83
32 86
32 88
32 89
32 90
32 91
32 92
32 93
32 94
32 96
32 97
32 98
32 100
32 101
32 103
32 105
32 106
32 108
32 111
32 112
32 113
32 114
32 115
32 116
32 118
32 120
32 121
32 125
32 129
32 130
32 131
32 132
32 133
32 134
32 135
32 138
32 139
32 141
32 143
32 144
32 145
32 146
32 147
32 148
32 153
32 154
32 155
32 162
32 163
32 165
32 166
32 168
32 170
32 171
32 173
32 175
32 176
32 179
32 180
32 182
32 183
32 184
32 187
32 189
32 190
32 191
32 195
32 196
32 197
32 198
32 199
33 34
33 35
33 39
33 41
33 42
33 46
33 49
33 52
33 54
33 58
33 63
33 65
33 66
33 67
33 69
33 71
33 72
33 73
33 74
33 76
33 79
33 81
33 83
33 84
33 85
33 86
33 87
33 92
33 93
33 94
33 96
33 97
33 98
33 99
33 100
33 102
33 103
33 104
33 106
33 108
33 110
33 111
33 112
33 113
33 114
33 115
33 116
33 117
33 119
33 120
33 121
33 122
33 123
33 124
33 125
33 126
33 127
33 128
33 129
33 130
33 131
33 132
33 134
33 135
33 136
33 138
33 140
33 141
33 143
33 145
33 146
33 147
33 148
33 150
33 154
33 157
33 160
33 161
33 162
33 163
33 165
33 166
33 172
33 173
33 174
33 175
33 176
33 177
33 181
33 183
33 186
33 187
33 188
33 189
33 190
33 191
33 192
33 193
33 194
33 196
33 197
34 35
34 37
34 38
34 39
34 40
34 45
34 46
34 47
34 52
34 53
34 54
34 55
34 56
34 58
34 59
34 60
34 61
34 62
34 64
34 65
34 66
34 67
34 68
34 70
34 71
34 72
34 76
34 77
34 80
34 81
34 83
34 84
34 87
34 88
34 90
34 91
34 92
34 93
34 94
34 95
34 96
34 97
34 98
34 100
34 101
34 102
34 104
34 107
34 108
34 110
34 114
34 115
34 116
34 118
34 119
34 120
34 121
34 122
34 123
34 125
34 128
34 130
34 132
34 135
34 136
34 138
34 139
34 141
34 143
34 144
34 146
34 149
34 155
34 157
34 158
34 159
34 165
34 166
34 167
34 168
34 170
34 172
34 176
34 177
34 178
34 179
34 180
34 181
34 182
34 183
34 184
34 185
34 186
34 187
34 190
34 194
34 195
34 197
34 199
35 36
35 38
35 39
35 42
35 43
35 44
35 47
35 48
35 50
35 52
35 53
35 56
35 58
35 59
35 60
35 61
35 65
35 66
35 68
35 69
35 70
35 71
35 72
35 73
35 74
35 77
35 82
35 83
35 84
35 87
35 89
35 90
35 91
35 93
35 94
35 96
35 97
35 98
35 99
35 100
35 102
35 103
35 109
35 110
35 111
35 112
35 114
35 121
35 124
35 128
35 129
35 130
35 131
35 132
35 133
35 134
35 138
35 139
35 140
35 141
35 143
35 145
35 146
35 147
35 149
35 150
35 151
35 154
35 155
35 156
35 157
35 158
35 159
35 160
35 161
35 162
35 166
35 170
35 172
35 173
35 175
35 176
35 178
35 179
35 181
35 183
35 186
35 187
35 188
35 189
35 194
35 195
35 196
35 199
36 38
36 39
36 40
36 41
36 42
36 43
36 44
36 46
36 47
36 49
36 50
36 51
36 52
36 53
36 57
36 58
36 59
36 62
36 63
36 67
36 68
36 69
36 70
36 71
36 73
36 78
36 81
36 85
36 86
36 88
36 89
36 96
36 97
36 101
36 102
36 103
36 104
36 105
36 107
36 108
36 113
36 114
36 115
36 116
36 117
36 118
36 119
36 120
36 124
36 125
36 126
36 127
36 129
36 130
36 132
36 134
36 135
36 136
36 137
36 139
36 142
36 145
36 146
36 147
36 148
36 150
36 153
36 154
36 156
36 157
36 158
36 160
36 162
36 164
36 166
36 167
36 168
36 170
36 172
36 173
36 174
36 176
36 179
36 180
36 181
36 183
36 184
36 187
36 188
36 190
36 191
36 192
36 193
36 195
36 196
36 197
36 198
37 39
37 43
37 44
37 45
37 48
37 49
37 50
37 51
37 53
37 55
37 57
37 62
37 63
37 64
37 65
37 66
37 67
37 68
37 69
37 70
37 72
37 75
37 76
37 78
37 80
37 81
37 84
37 85
37 86
37 87
37 88
37 90
37 91
37 92
37 94
37 95
37 96
37 97
37 99
37 100
37 103
37 106
37 108
37 110
37 111
37 112
37 114
37 115
37 116
37 117
37 119
37 120
37 123
37 124
37 125
37 126
37 127
37 128
37 130
37 131
37 132
37 134
37 135
37 138
37 139
37 141
37 144
37 146
37 147
37 149
37 153
37 155
37 158
37 159
37 160
37 161
37 162
37 164
37 165
37 166
37 167
37 170
37 172
37 174
37 176
37 180
37 181
37 182
37 185
37 186
37 188
37 190
37 191
37 192
37 196
37 198
37 199
38 40
38 41
38 42
38 45
38 48
38 49
38 50
38 52
38 53
38 55
38 56
38 57
38 58
38 63
38 64
38 65
38 67
38 69
38 71
38 72
38 73
38 74
38 75
38 78
38 79
38 80
38 82
38 84
38 85
38 88
38 89
38 90
38 93
38 95
38 96
38 102
38 103
38 107
38 108
38 109
38 110
38 111
38 112
38 113
38 114
38 116
38 117
38 118
38 119
38 120
38 123
38 124
38 125
38 126
38 127
38 131
38 133
38 135
38 136
38 142
38 144
38 145
38 147
38 148
38 150
38 152
38 153
38 154
38 155
38 158
38 163
38 165
38 166
38 167
38 169
38 171
38 172
38 173
38 174
38 175
38 176
38 179
38 180
38 181
38 182
38 183
38 186
38 187
38 188
38 189
38 190
38 192
38 194
38 195
38 196
38 197
38 198
39 40
39 42
39 43
39 44
39 45
39 46
39 47
39 52
39 53
39 55
39 56
39 57
39 58
39 61
39 62
39 63
39 65
39 66
39 67
39 68
39 71
39 73
39 74
39 75
39 76
39 77
39 78
39 80
39 81
39 83
39 84
39 85
39 86
39 87
39 89
39 90
39 92
39 93
39 96
39 97
39 98
39 99
39 100
39 101
39 103
39 104
39 106
39 107
39 108
39 117
39 119
39 120
39 121
39 123
39 124
39 126
39 129
39 130
39 136
39 139
39 140
39 141
39 142
39 146
39 147
39 149
39 150
39 151
39 153
39 154
39 155
39 156
39 158
39 159
39 160
39 161
39 163
39 164
39 166
39 167
39 170
39 171
39 172
39 174
39 177
39 178
39 180
39 183
39 185
39 190
39 191
39 192
39 193
39 194
39 195
39 197
39 198
40 43
40 44
40 45
40 46
40 47
40 48
40 50
40 51
40 52
40 53
40 55
40 57
40 58
40 59
40 60
40 61
40 65
40 67
40 69
40 70
40 71
40 72
40 73
40 75
40 76
40 79
40 80
40 81
40 82
40 84
40 85
40 88
40 91
40 92
40 93
40 94
40 95
40 96
40 99
40 101
40 102
40 103
40 106
40 110
40 112
40 113
40 114
40 117
40 120
40 123
40 124
40 126
40 127
40 128
40 129
40 130
40 131
40 132
40 135
40 138
40 139
40 140
40 141
40 142
40 143
40 144
40 145
40 146
40 147
40 149
40 151
40 152
40 153
40 157
40 158
40 159
40 160
40 161
40 164
40 165
40 169
40 170
40 171
40 172
40 173
40 174
40 175
40 176
40 181
40 184
40 188
40 191
40 192
40 194
40 195
40 196
40 199
41 42
41 44
41 45
41 46
41 52
41 53
41 54
41 55
41 56
41 58
41 59
41 60
41 61
41 62
41 63
41 64
41 66
41 67
41 69
41 71
41 74
41 75
41 76
41 77
41 78
41 79
41 80
41 81
41 83
41 87
41 88
41 90
41 91
41 92
41 94
41 96
41 98
41 100
41 101
41 102
41 103
41 104
41 105
41 106
41 107
41 108
41 109
41 111
41 112
41 113
41 114
41 121
41 123
41 125
41 126
41 127
41 128
41 129
41 132
41 133
41 137
41 138
41 139
41 140
41 141
41 142
41 143
41 145
41 146
41 147
41 148
41 150
41 151
41 153
41 154
41 156
41 157
41 160
41 161
41 163
41 164
41 167
41 168
41 169
41 170
41 171
41 173
41 175
41 176
41 178
41 179
41 180
41 181
41 182
41 183
41 184
41 185
41 188
41 189
41 190
41 192
41 193
41 196
42 43
42 44
42 45
42 47
42 53
42 55
42 56
42 58
42 59
42 61
42 62
42 65
42 70
42 71
42 73
42 74
42 76
42 77
42 78
42 80
42 83
42 84
42 85
42 88
42 89
42 91
42 93
42 95
42 97
42 98
42 99
42 100
42 102
42 104
42 106
42 107
42 108
42 109
42 113
42 114
42 115
42 116
42 119
42 120
42 121
42 123
42 124
42 126
42 127
42 128
42 129
42 131
42 132
42 133
42 134
42 135
42 136
42 137
42 139
42 143
42 145
42 146
42 147
42 149
42 150
42 151
42 153
42 156
42 157
42 158
42 160
42 161
42 163
42 164
42 165
42 166
42 167
42 168
42 169
42 170
42 171
42 172
42 176
42 177
42 178
42 180
42 181
42 183
42 185
42 188
42 190
42 191
42 192
42 193
42 197
42 198
43 45
43 46
43 48
43 49
43 51
43 53
43 54
43 57
43 60
43 61
43 62
43 63
43 64
43 68
43 69
43 70
43 72
43 73
43 77
43 79
43 81
43 85
43 89
43 90
43 91
43 92
43 93
43 94
43 95
43 96
43 97
43 98
43 99
43 102
43 105
43 106
43 107
43 108
43 110
43 112
43 113
43 114
43 117
43 118
43 119
43 120
43 121
43 124
43 125
43 127
43 128
43 130
43 131
43 132
43 133
43 134
43 136
43 138
43 140
43 141
43 143
43 145
43 149
43 150
43 152
43 153
43 154
43 155
43 156
43 157
43 158
43 160
43 162
43 168
43 169
43 170
43 172
43 173
43 174
43 175
43 176
43 177
43 179
43 182
43 183
43 186
43 187
43 189
43 190
43 193
43 195
43 197
44 45
44 46
44 47
44 48
44 49
44 51
44 52
44 53
44 54
44 55
44 57
44 58
44 60
44 62
44 63
44 64
44 67
44 68
44 70
44 72
44 76
44 77
44 78
44 80
44 82
44 84
44 85
44 86
44 87
44 89
44 91
44 93
44 95
44 101
44 102
44 105
44 107
44 110
44 111
44 112
44 114
44 115
44 119
44 122
44 124
44 125
44 126
44 127
44 129
44 131
44 132
44 134
44 136
44 137
44 138
44 140
44 142
44 143
44 144
44 145
44 147
44 148
44 149
44 150
44 151
44 152
44 153
44 154
44 156
44 158
44 162
44 168
44 169
44 171
44 173
44 177
44 179
44 181
44 182
44 184
44 185
44 186
44 187
44 191
44 192
44 193
44 194
44 198
44 199
45 46
45 47
45 48
45 49
45 51
45 52
45 53
45 54
45 55
45 56
45 60
45 62
45 67
45 68
45 69
45 70
45 72
45 73
45 76
45 77
45 78
45 79
45 80
45 83
45 87
45 88
45 91
45 93
45 94
45 95
45 97
45 98
45 99
45 100
45 101
45 102
45 103
45 104
45 106
45 110
45 113
45 114
45 115
45 117
45 118
45 119
45 121
45 122
45 124
45 125
45 126
45 127
45 128
45 131
45 135
45 137
45 138
45 139
45 142
45 143
45 145
45 146
45 148
45 150
45 153
45 154
45 156
45 157
45 160
45 161
45 162
45 163
45 164
45 165
45 167
45 169
45 172
45 173
45 174
45 177
45 178
45 179
45 180
45 184
45 185
45 186
45 187
45 189
45 190
45 191
45 192
45 193
45 197
45 198
45 199
46 47
46 50
46 51
46 52
46 53
46 54
46 55
46 56
46 57
46 58
46 60
46 63
46 64
46 65
46 66
46 67
46 68
46 69
46 70
46 71
46 72
46 73
46 74
46 75
46 77
46 78
46 79
46 81
46 82
46 83
46 84
46 88
46 89
46 90
46 93
46 94
46 96
46 97
46 98
46 100
46 101
46 102
46 104
46 105
46 107
46 108
46 109
46 112
46 113
46 114
46 115
46 116
46 117
46 118
46 119
46 120
46 123
46 124
46 125
46 127
46 128
46 129
46 130
46 131
46 133
46 134
46 136
46 137
46 138
46 139
46 141
46 143
46 144
46 145
46 148
46 149
46 150
46 151
46 152
46 153
46 154
46 155
46 156
46 161
46 163
46 164
46 166
46 167
46 168
46 169
46 170
46 171
46 172
46 173
46 174
46 176
46 177
46 181
46 182
46 186
46 187
46 188
46 192
46 195
46 196
46 198
47 48
47 50
47 53
47 54
47 56
47 57
47 58
47 59
47 61
47 62
47 63
47 65
47 66
47 68
47 74
47 76
47 77
47 78
47 79
47 81
47 82
47 83
47 84
47 86
47 87
47 91
47 92
47 93
47 94
47 95
47 96
47 97
47 99
47 100
47 102
47 103
47 109
47 113
47 115
47 116
47 118
47 119
47 120
47 122
47 124
47 125
47 126
47 128
47 130
47 138
47 140
47 142
47 143
47 144
47 145
47 146
47 149
47 150
47 151
47 152
47 154
47 155
47 156
47 157
47 158
47 161
47 165
47 167
47 169
47 171
47 172
47 173
47 174
47 178
47 179
47 180
47 182
47 187
47 188
47 189
47 190
47 191
47 193
47 194
47 196
48 50
48 52
48 54
48 55
48 56
48 57
48 60
48 62
48 64
48 66
48 67
48 70
48 71
48 72
48 76
48 77
48 80
48 81
48 83
48 84
48 85
48 86
48 88
48 89
48 90
48 91
48 92
48 94
48 96
48 97
48 99
48 102
48 103
48 104
48 108
48 109
48 114
48 115
48 116
48 118
48 119
48 120
48 121
48 123
48 124
48 130
48 133
48 134
48 136
48 137
48 139
48 140
48 141
48 143
48 148
48 149
48 150
48 153
48 155
48 159
48 160
48 161
48 163
48 164
48 165
48 166
48 167
48 170
48 171
48 172
48 173
48 174
48 179
48 180
48 181
48 182
48 183
48 186
48 187
48 193
48 194
48 196
48 197
48 198
48 199
49 50
49 52
49 53
49 54
49 55
49 56
49 57
49 59
49 60
49 61
49 62
49 65
49 66
49 67
49 68
49 70
49 71
49 72
49 75
49 77
49 78
49 79
49 81
49 85
49 86
49 87
49 88
49 89
49 91
49 93
49 94
49 96
49 99
49 100
49 102
49 105
49 106
49 108
49 111
49 112
49 113
49 114
49 115
49 116
49 118
49 119
49 120
49 121
49 122
49 123
49 124
49 125
49 126
49 128
49 129
49 130
49 131
49 132
49 133
49 134
49 135
49 139
49 141
49 143
49 145
49 146
49 147
49 149
49 151
49 153
49 155
49 156
49 160
49 161
49 162
49 163
49 164
49 165
49 166
49 169
49 170
49 171
49 172
49 174
49 176
49 177
49 178
49 179
49 184
49 185
49 186
49 187
49 188
49 189
49 194
49 195
49 196
49 197
49 198
50 52
50 53
50 56
50 57
50 59
50 60
50 61
50 64
50 65
50 67
50 68
50 69
50 73
50 75
50 76
50 78
50 79
50 80
50 83
50 84
50 85
50 86
50 87
50 88
50 91
50 92
50 93
50 94
50 95
50 98
50 99
50 100
50 101
50 102
50 104
50 106
50 109
50 111
50 112
50 116
50 118
50 122
50 123
50 125
50 127
50 128
50 132
50 136
50 137
50 138
50 139
50 140
50 141
50 142
50 143
50 144
50 146
50 147
50 150
50 152
50 154
50 155
50 156
50 157
50 158
50 159
50 160
50 162
50 163
50 165
50 166
50 170
50 171
50 172
50 175
50 180
50 181
50 182
50 183
50 185
50 187
50 188
50 189
50 190
50 191
50 192
50 193
50 194
50 198
50 199
51 52
51 53
51 55
51 56
51 57
51 58
51 61
51 65
51 67
51 68
51 69
51 70
51 72
51 73
51 74
51 75
51 77
51 79
51 80
51 81
51 82
51 84
51 86
51 91
51 92
51 93
51 94
51 95
51 96
51 97
51 98
51 102
51 107
51 108
51 109
51 110
51 112
51 113
51 114
51 116
51 122
51 124
51 128
51 129
51 130
51 131
51 132
51 134
51 135
51 136
51 137
51 139
51 141
51 142
51 147
51 148
51 149
51 151
51 153
51 156
51 158
51 159
51 160
51 161
51 162
51 164
51 167
51 169
51 171
51 173
51 174
51 176
51 177
51 178
51 179
51 183
51 184
51 186
51 188
51 190
51 191
51 194
51 195
51 197
51 198
52 53
52 54
52 55
52 56
52 57
52 58
52 59
52 62
52 64
52 66
52 67
52 71
52 74
52 76
52 80
52 82
52 83
52 85
52 86
52 87
52 89
52 91
52 92
52 93
52 97
52 99
52 100
52 101
52 104
52 105
52 106
52 107
52 108
52 114
52 115
52 116
52 117
52 118
52 119
52 120
52 121
52 123
52 125
52 127
52 128
52 129
52 133
52 134
52 135
52 137
52 138
52 139
52 141
52 142
52 144
52 146
52 147
52 148
52 149
52 150
52 151
52 152
52 154
52 155
52 156
52 158
52 161
52 165
52 167
52 168
52 169
52 170
52 171
52 172
52 174
52 176
52 179
52 180
52 181
52 182
52 185
52 187
52 190
52 191
52 192
52 195
52 196
52 197
53 54
53 56
53 58
53 59
53 60
53 61
53 62
53 64
53 66
53 67
53 71
53 72
53 73
53 75
53 76
53 77
53 78
53 80
53 85
53 86
53 88
53 93
53 94
53 96
53 97
53 99
53 100
53 101
53 103
53 104
53 105
53 106
53 107
53 108
53 109
53 110
53 116
53 117
53 118
53 120
53 121
53 122
53 125
53 126
53 129
53 131
53 133
53 135
53 136
53 137
53 139
53 140
53 142
53 143
53 144
53 146
53 148
53 149
53 152
53 154
53 156
53 157
53 158
53 159
53 161
53 163
53 165
53 166
53 167
53 168
53 169
53 171
53 175
53 176
53 177
53 179
53 182
53 183
53 184
53 185
53 187
53 188
53 190
53 191
53 192
53 195
54 55
54 56
54 57
54 59
54 61
54 64
54 66
54 67
54 68
54 70
54 71
54 73
54 74
54 75
54 76
54 77
54 80
54 82
54 83
54 84
54 85
54 88
54 92
54 93
54 95
54 96
54 98
54 101
54 103
54 105
54 110
54 111
54 112
54 113
54 114
54 115
54 116
54 117
54 118
54 121
54 122
54 123
54 124
54 125
54 132
54 133
54 135
54 136
54 137
54 139
54 141
54 142
54 143
54 144
54 145
54 146
54 147
54 148
54 151
54 154
54 156
54 157
54 159
54 161
54 162
54 163
54 165
54 168
54 170
54 172
54 174
54 175
54 176
54 178
54 180
54 183
54 184
54 186
54 187
54 188
54 190
54 192
54 193
54 195
55 56
55 57
55 58
55 59
55 61
55 62
55 63
55 65
55 66
55 68
55 69
55 70
55 71
55 73
55 74
55 77
55 79
55 80
55 81
55 82
55 83
55 86
55 87
55 89
55 90
55 92
55 93
55 95
55 99
55 103
55 105
55 107
55 111
55 112
55 117
55 118
55 120
55 122
55 124
55 125
55 126
55 128
55 129
55 130
55 133
55 137
55 139
55 140
55 141
55 142
55 144
55 149
55 151
55 152
55 153
55 154
55 155
55 157
55 158
55 160
55 168
55 170
55 171
55 172
55 173
55 174
55 178
55 179
55 180
55 183
55 184
55 188
55 191
55 193
55 195
55 197
55 199
56 57
56 58
56 59
56 60
56 63
56 64
56 65
56 66
56 67
56 69
56 70
56 71
56 72
56 75
56 76
56 77
56 78
56 79
56 80
56 81
56 82
56 84
56 85
56 86
56 87
56 88
56 89
56 90
56 91
56 93
56 94
56 95
56 96
56 100
56 102
56 103
56 104
56 105
56 106
56 108
56 110
56 112
56 113
56 114
56 118
56 119
56 121
56 124
56 125
56 127
56 128
56 130
56 131
56 133
56 135
56 137
56 138
56 139
56 140
56 141
56 143
56 144
56 145
56 146
56 148
56 149
56 152
56 153
56 154
56 155
56 156
56 158
56 159
56 160
56 161
56 162
56 164
56 165
56 166
56 167
56 168
56 170
56 171
56 172
56 173
56 175
56 176
56 178
56 182
56 189
56 190
56 193
56 194
56 195
56 196
56 197
56 198
57 58
57 59
57 60
57 62
57 63
57 67
57 68
57 69
57 70
57 71
57 72
57 73
57 77
57 78
57 79
57 80
57 82
57 83
57 84
57 85
57 88
57 89
57 90
57 91
57 96
57 97
57 99
57 100
57 101
57 103
57 106
57 107
57 109
57 110
57 112
57 113
57 114
57 116
57 117
57 118
57 120
57 121
57 122
57 123
57 124
57 130
57 131
57 132
57 134
57 136
57 137
57 138
57 139
57 140
57 141
57 142
57 143
57 144
57 146
57 148
57 150
57 151
57 152
57 153
57 154
57 155
57 156
57 157
57 158
57 159
57 161
57 163
57 164
57 167
57 168
57 169
57 171
57 174
57 177
57 178
57 181
57 182
57 184
57 186
57 188
57 189
57 190
57 195
57 199
58 59
58 61
58 62
58 67
58 69
58 70
58 73
58 74
58 75
58 76
58 78
58 80
58 86
58 89
58 91
58 92
58 93
58 95
58 99
58 102
58 104
58 105
58 106
58 108
58 109
58 110
58 113
58 118
58 122
58 124
58 125
58 127
58 128
58 132
58 133
58 135
58 136
58 138
58 139
58 140
58 141
58 146
58 147
58 151
58 152
58 155
58 156
58 157
58 158
58 160
58 161
58 163
58 164
58 165
58 166
58 167
58 170
58 174
58 176
58 177
58 179
58 180
58 181
58 182
58 185
58 187
58 189
58 193
58 194
58 195
58 199
59 63
59 66
59 67
59 68
59 69
59 70
59 71
59 73
59 75
59 77
59 80
59 82
59 83
59 84
59 88
59 89
59 91
59 92
59 93
59 94
59 98
59 99
59 101
59 102
59 103
59 104
59 105
59 106
59 108
59 110
59 112
59 113
59 114
59 115
59 116
59 117
59 118
59 119
59 121
59 123
59 124
59 125
59 126
59 127
59 129
59 130
59 132
59 133
59 134
59 136
59 138
59 143
59 145
59 147
59 148
59 149
59 150
59 151
59 152
59 153
59 154
59 155
59 157
59 158
59 160
59 161
59 163
59 164
59 168
59 172
59 173
59 174
59 175
59 177
59 178
59 180
59 181
59 182
59 183
59 184
59 185
59 186
59 187
59 192
59 193
59 195
59 196
59 197
59 199
60 62
60 63
60 64
60 68
60 70
60 72
60 73
60 74
60 75
60 77
60 80
60 82
60 83
60 84
60 85
60 86
60 87
60 88
60 89
60 90
60 92
60 93
60 95
60 96
60 97
60 99
60 100
60 101
60 102
60 103
60 105
60 106
60 108
60 109
60 110
60 111
60 112
60 113
60 114
60 116
60 119
60 120
60 123
60 124
60 126
60 129
60 131
60 133
60 138
60 139
60 144
60 145
60 147
60 149
60 150
60 151
60 152
60 153
60 155
60 157
60 159
60 162
60 163
60 164
60 165
60 166
60 167
60 170
60 171
60 172
60 173
60 174
60 178
60 179
60 180
60 181
60 183
60 184
60 185
60 188
60 189
60 190
60 192
60 195
60 196
60 198
61 63
61 64
61 65
61 66
61 67
61 70
61 72
61 73
61 75
61 78
61 84
61 87
61 88
61 89
61 90
61 91
61 92
61 95
61 96
61 97
61 98
61 99
61 100
61 102
61 103
61 104
61 108
61 112
61 113
61 115
61 116
61 117
61 118
61 119
61 124
61 125
61 128
61 132
61 133
61 134
61 135
61 136
61 138
61 139
61 141
61 142
61 143
61 144
61 145
61 146
61 147
61 148
61 150
61 151
61 152
61 153
61 156
61 157
61 158
61 160
61 161
61 163
61 165
61 166
61 167
61 170
61 171
61 173
61 174
61 175
61 178
61 180
61 181
61 185
61 186
61 187
61 188
61 192
61 194
61 196
62 65
62 66
62 68
62 70
62 74
62 76
62 77
62 78
62 79
62 80
62 82
62 84
62 85
62 87
62 88
62 90
62 91
62 93
62 94
62 99
62 102
62 104
62 105
62 106
62 108
62 110
62 111
62 113
62 114
62 115
62 117
62 119
62 121
62 125
62 126
62 127
62 128
62 129
62 130
62 131
62 132
62 133
62 135
62 136
62 138
62 139
62 140
62 141
62 143
62 144
62 145
62 146
62 147
62 149
62 152
62 153
62 154
62 155
62 158
62 160
62 162
62 163
62 164
62 165
62 166
62 167
62 169
62 173
62 174
62 175
62 177
62 180
62 181
62 182
62 183
62 185
62 186
62 187
62 188
62 192
62 193
62 194
62 196
62 197
62 198
63 64
63 65
63 66
63 67
63 68
63 69
63 70
63 72
63 73
63 74
63 76
63 77
63 80
63 82
63 83
63 85
63 86
63 87
63 90
63 93
63 94
63 95
63 96
63 98
63 99
63 102
63 104
63 107
63 108
63 109
63 110
63 113
63 114
63 116
63 117
63 118
63 120
63 121
63 124
63 125
63 126
63 128
63 129
63 130
63 131
63 132
63 136
63 137
63 138
63 139
63 140
63 141
63 143
63 144
63 145
63 146
63 149
63 151
63 152
63 153
63 154
63 155
63 156
63 157
63 158
63 160
63 163
63 165
63 167
63 171
63 172
63 173
63 174
63 175
63 176
63 178
63 185
63 186
63 187
63 189
63 190
63 191
63 194
63 195
63 196
63 197
63 198
63 199
64 65
64 68
64 72
64 73
64 74
64 76
64 78
64 79
64 80
64 81
64 82
64 84
64 89
64 90
64 91
64 93
64 94
64 95
64 97
64 98
64 100
64 102
64 105
64 106
64 107
64 108
64 109
64 111
64 115
64 116
64 117
64 118
64 119
64 120
64 122
64 124
64 127
64 129
64 130
64 132
64 134
64 135
64 138
64 139
64 142
64 143
64 146
64 149
64 151
64 153
64 155
64 157
64 159
64 161
64 162
64 163
64 164
64 165
64 167
64 168
64 169
64 171
64 174
64 175
64 176
64 178
64 179
64 181
64 182
64 184
64 185
64 186
64 188
64 189
64 190
64 191
64 192
64 193
64 194
64 195
64 196
65 67
65 68
65 70
65 71
65 74
65 75
65 76
65 77
65 82
65 85
65 86
65 87
65 88
65 90
65 93
65 100
65 102
65 106
65 107
65 108
65 110
65 113
65 119
65 120
65 121
65 123
65 126
65 127
65 128
65 129
65 130
65 132
65 133
65 135
65 136
65 137
65 138
65 139
65 140
65 141
65 142
65 144
65 147
65 148
65 150
65 151
65 152
65 153
65 155
65 157
65 165
65 169
65 171
65 172
65 174
65 175
65 176
65 177
65 178
65 179
65 180
65 181
65 182
65 183
65 185
65 186
65 187
65 188
65 189
65 191
65 194
65 196
65 197
65 198
66 67
66 69
66 70
66 71
66 72
66 73
66 74
66 77
66 78
66 81
66 82
66 83
66 84
66 85
66 86
66 87
66 88
66 89
66 90
66 92
66 94
66 95
66 96
66 97
66 99
66 102
66 104
66 105
66 106
66 107
66 108
66 110
66 111
66 113
66 114
66 115
66 116
66 118
66 120
66 121
66 122
66 124
66 125
66 126
66 127
66 128
66 130
66 131
66 133
66 134
66 135
66 136
66 139
66 141
66 144
66 146
66 147
66 148
66 150
66 151
66 152
66 153
66 154
66 156
66 157
66 158
66 159
66 160
66 161
66 163
66 165
66 167
66 169
66 171
66 175
66 176
66 177
66 178
66 181
66 183
66 187
66 188
66 189
66 192
66 193
66 194
66 195
66 197
66 198
66 199
67 69
67 71
67 73
67 74
67 75
67 77
67 78
67 80
67 81
67 82
67 84
67 86
67 88
67 89
67 97
67 100
67 101
67 104
67 105
67 107
67 108
67 111
67 112
67 113
67 114
67 115
67 117
67 118
67 120
67 121
67 122
67 124
67 126
67 128
67 129
67 130
67 132
67 133
67 135
67 136
67 141
67 142
67 143
67 145
67 146
67 150
67 151
67 153
67 155
67 156
67 157
67 158
67 159
67 161
67 162
67 163
67 167
67 168
67 170
67 171
67 172
67 173
67 176
67 177
67 178
67 179
67 181
67 182
67 184
67 188
67 189
67 190
67 191
67 193
67 194
67 195
67 198
68 72
68 76
68 77
68 78
68 81
68 82
68 84
68 85
68 87
68 88
68 90
68 91
68 93
68 94
68 96
68 103
68 105
68 108
68 109
68 111
68 113
68 114
68 117
68 118
68 119
68 120
68 121
68 123
68 124
68 125
68 128
68 130
68 131
68 132
68 134
68 135
68 136
68 139
68 140
68 142
68 143
68 145
68 148
68 149
68 152
68 153
68 157
68 159
68 161
68 163
68 167
68 168
68 170
68 171
68 173
68 174
68 176
68 177
68 178
68 179
68 181
68 183
68 184
68 185
68 186
68 187
68 188
68 189
68 190
68 192
68 193
68 194
68 195
68 196
68 197
68 198
68 199
69 70
69 71
69 72
69 74
69 76
69 79
69 80
69 81
69 82
69 86
69 87
69 88
69 89
69 90
69 92
69 94
69 95
69 99
69 103
69 105
69 107
69 109
69 110
69 113
69 114
69 115
69 117
69 118
69 123
69 124
69 126
69 127
69 128
69 131
69 132
69 133
69 134
69 135
69 136
69 138
69 140
69 141
69 142
69 144
69 145
69 147
69 148
69 149
69 150
69 151
69 152
69 153
69 154
69 155
69 156
69 157
69 158
69 159
69 161
69 169
69 172
69 175
69 176
69 177
69 178
69 183
69 184
69 185
69 187
69 188
69 189
69 191
69 192
69 194
69 195
69 196
69 199
70 73
70 75
70 76
70 77
70 81
70 87
70 89
70 90
70 91
70 92
70 100
70 101
70 102
70 104
70 105
70 106
70 107
70 109
70 110
70 111
70 112
70 118
70 119
70 120
70 121
70 122
70 123
70 124
70 125
70 131
70 132
70 133
70 135
70 138
70 139
70 140
70 141
70 142
70 143
70 144
70 145
70 146
70 147
70 148
70 150
70 151
70 152
70 153
70 154
70 155
70 156
70 157
70 162
70 163
70 164
70 166
70 168
70 170
70 173
70 177
70 179
70 181
70 182
70 183
70 184
70 185
70 186
70 188
70 192
70 193
70 194
70 195
70 196
70 197
70 199
71 72
71 74
71 76
71 78
71 79
71 81
71 82
71 83
71 84
71 88
71 90
71 96
71 97
71 98
71 100
71 101
71 104
71 105
71 107
71 108
71 109
71 111
71 112
71 114
71 115
71 116
71 117
71 121
71 124
71 125
71 126
71 129
71 131
71 132
71 133
71 135
71 136
71 138
71 139
71 140
71 141
71 145
71 147
71 148
71 150
71 151
71 152
71 153
71 154
71 156
71 159
71 160
71 161
71 164
71 165
71 167
71 168
71 171
71 172
71 173
71 174
71 175
71 176
71 177
71 180
71 181
71 182
71 183
71 185
71 186
71 187
71 188
71 190
71 191
71 196
71 198
71 199
72 73
72 79
72 81
72 82
72 86
72 88
72 89
72 90
72 91
72 92
72 93
72 95
72 96
72 97
72 99
72 101
72 103
72 104
72 106
72 108
72 110
72 112
72 115
72 116
72 117
72 118
72 119
72 120
72 124
72 125
72 128
72 129
72 131
72 134
72 135
72 137
72 138
72 141
72 145
72 146
72 147
72 148
72 149
72 151
72 152
72 153
72 154
72 157
72 159
72 160
72 162
72 163
72 164
72 165
72 166
72 170
72 171
72 172
72 173
72 174
72 175
72 177
72 178
72 180
72 181
72 182
72 183
72 185
72 187
72 189
72 190
72 192
72 193
72 195
72 196
72 197
72 198
72 199
73 75
73 77
73 78
73 82
73 83
73 85
73 86
73 87
73 88
73 89
73 93
73 95
73 96
73 97
73 99
73 100
73 103
73 104
73 105
73 106
73 107
73 109
73 110
73 111
73 112
73 113
73 114
73 116
73 117
73 119
73 120
73 121
73 122
73 123
73 124
73 125
73 126
73 129
73 130
73 131
73 132
73 133
73 135
73 136
73 140
73 143
73 145
73 146
73 148
73 149
73 151
73 153
73 154
73 155
73 156
73 158
73 159
73 160
73 161
73 162
73 163
73 167
73 168
73 170
73 171
73 173
73 174
73 175
73 176
73 177
73 180
73 183
73 184
73 186
73 187
73 189
73 191
73 192
73 195
73 196
73 198
74 75
74 76
74 77
74 86
74 87
74 88
74 89
74 92
74 95
74 96
74 100
74 104
74 105
74 107
74 111
74 112
74 114
74 116
74 117
74 119
74 120
74 122
74 123
74 124
74 125
74 126
74 129
74 132
74 134
74 135
74 136
74 137
74 139
74 141
74 142
74 144
74 145
74 147
74 148
74 152
74 155
74 156
74 157
74 158
74 160
74 162
74 163
74 164
74 165
74 166
74 168
74 169
74 171
74 173
74 175
74 176
74 177
74 178
74 180
74 182
74 185
74 186
74 188
74 189
74 190
74 192
74 193
74 194
74 197
74 198
74 199
75 78
75 80
75 83
75 91
75 92
75 93
75 96
75 100
75 104
75 105
75 108
75 109
75 113
75 118
75 119
75 121
75 122
75 123
75 124
75 127
75 129
75 130
75 131
75 132
75 133
75 135
75 137
75 138
75 140
75 143
75 144
75 145
75 146
75 148
75 149
75 153
75 154
75 155
75 156
75 157
75 158
75 165
75 166
75 169
75 170
75 173
75 174
75 175
75 179
75 180
75 181
75 183
75 186
75 187
75 189
75 193
75 194
75 195
75 197
75 198
76 79
76 80
76 81
76 82
76 86
76 89
76 90
76 92
76 93
76 94
76 95
76 96
76 99
76 104
76 107
76 111
76 113
76 114
76 116
76 118
76 120
76 121
76 122
76 123
76 126
76 127
76 128
76 129
76 130
76 131
76 132
76 134
76 135
76 136
76 137
76 138
76 139
76 141
76 143
76 145
76 146
76 148
76 150
76 151
76 152
76 154
76 156
76 157
76 158
76 160
76 162
76 163
76 164
76 166
76 172
76 173
76 175
76 176
76 177
76 180
76 182
76 183
76 185
76 186
76 187
76 188
76 190
76 194
76 195
77 78
77 79
77 80
77 82
77 83
77 84
77 86
77 88
77 90
77 91
77 93
77 94
77 95
77 96
77 97
77 98
77 99
77 100
77 101
77 103
77 104
77 105
77 107
77 108
77 109
77 110
77 112
77 114
77 116
77 120
77 122
77 123
77 124
77 125
77 126
77 130
77 131
77 133
77 135
77 136
77 137
77 138
77 139
77 141
77 142
77 143
77 144
77 146
77 148
77 152
77 154
77 156
77 157
77 158
77 159
77 160
77 161
77 163
77 164
77 165
77 168
77 169
77 171
77 173
77 176
77 177
77 178
77 179
77 180
77 181
77 183
77 185
77 186
77 188
77 190
77 191
77 192
77 194
77 199
78 79
78 80
78 81
78 83
78 84
78 85
78 86
78 89
78 90
78 91
78 92
78 93
78 94
78 95
78 97
78 98
78 102
78 105
78 107
78 109
78 110
78 111
78 112
78 113
78 114
78 115
78 118
78 120
78 124
78 126
78 127
78 129
78 130
78 133
78 134
78 135
78 138
78 139
78 141
78 142
78 143
78 144
78 145
78 146
78 147
78 148
78 149
78 151
78 156
78 158
78 159
78 160
78 161
78 162
78 164
78 169
78 170
78 171
78 172
78 173
78 175
78 176
78 177
78 179
78 180
78 182
78 184
78 186
78 187
78 189
78 190
78 191
78 192
78 194
78 196
78 197
79 80
79 82
79 83
79 84
79 86
79 87
79 88
79 90
79 92
79 93
79 94
79 95
79 97
79 99
79 100
79 102
79 103
79 115
79 116
79 117
79 118
79 119
79 120
79 121
79 122
79 123
79 124
79 128
79 129
79 130
79 131
79 132
79 133
79 134
79 135
79 136
79 139
79 141
79 142
79 144
79 147
79 148
79 150
79 151
79 152
79 155
79 157
79 158
79 160
79 162
79 165
79 166
79 168
79 169
79 170
79 173
79 174
79 176
79 177
79 180
79 181
79 182
79 184
79 185
79 187
79 188
79 190
79 192
79 193
79 194
79 195
79 196
79 199
80 82
80 83
80 84
80 85
80 87
80 90
80 93
80 94
80 97
80 102
80 103
80 105
80 107
80 108
80 109
80 111
80 117
80 118
80 119
80 124
80 125
80 126
80 127
80 131
80 133
80 134
80 135
80 138
80 140
80 141
80 142
80 144
80 145
80 146
80 151
80 153
80 154
80 156
80 157
80 158
80 159
80 160
80 161
80 162
80 164
80 165
80 166
80 167
80 168
80 169
80 171
80 172
80 174
80 176
80 180
80 181
80 183
80 184
80 185
80 186
80 187
80 189
80 190
80 191
80 193
80 194
80 198
80 199
81 83
81 85
81 88
81 91
81 93
81 96
81 97
81 98
81 99
81 100
81 102
81 104
81 105
81 107
81 108
81 109
81 111
81 112
81 117
81 118
81 119
81 124
81 125
81 126
81 127
81 129
81 131
81 136
81 137
81 140
81 141
81 143
81 144
81 145
81 149
81 150
81 151
81 153
81 156
81 157
81 160
81 161
81 163
81 165
81 168
81 170
81 172
81 174
81 176
81 177
81 178
81 180
81 184
81 185
81 186
81 187
81 189
81 190
81 193
81 197
81 198
81 199
82 84
82 87
82 88
82 92
82 94
82 95
82 97
82 98
82 99
82 101
82 102
82 103
82 104
82 105
82 107
82 108
82 109
82 110
82 111
82 112
82 113
82 114
82 118
82 119
82 120
82 121
82 122
82 123
82 124
82 125
82 126
82 129
82 130
82 132
82 134
82 135
82 136
82 137
82 139
82 141
82 144
82 145
82 146
82 147
82 149
82 150
82 151
82 152
82 154
82 155
82 156
82 158
82 159
82 160
82 161
82 162
82 163
82 166
82 167
82 169
82 170
82 172
82 173
82 177
82 178
82 179
82 180
82 181
82 182
82 184
82 186
82 189
82 190
82 191
82 192
82 194
82 196
82 198
82 199
83 84
83 85
83 87
83 88
83 89
83 90
83 93
83 97
83 98
83 99
83 100
83 102
83 106
83 109
83 112
83 113
83 115
83 116
83 117
83 118
83 119
83 120
83 122
83 123
83 125
83 126
83 130
83 131
83 132
83 133
83 134
83 137
83 139
83 140
83 141
83 143
83 144
83 147
83 148
83 151
83 152
83 153
83 158
83 160
83 161
83 162
83 164
83 165
83 166
83 167
83 168
83 169
83 170
83 172
83 173
83 175
83 176
83 177
83 178
83 179
83 180
83 182
83 183
83 184
83 185
83 186
83 187
83 188
83 189
83 190
83 192
83 193
83 196
83 197
83 198
83 199
84 89
84 90
84 91
84 93
84 94
84 95
84 96
84 97
84 98
84 99
84 101
84 103
84 104
84 106
84 107
84 108
84 110
84 111
84 112
84 115
84 116
84 117
84 118
84 119
84 120
84 121
84 122
84 123
84 124
84 125
84 126
84 128
84 129
84 130
84 132
84 135
84 136
84 138
84 139
84 140
84 141
84 142
84 143
84 144
84 147
84 148
84 149
84 153
84 154
84 159
84 161
84 164
84 166
84 168
84 170
84 172
84 174
84 175
84 176
84 177
84 178
84 179
84 182
84 183
84 184
84 185
84 187
84 188
84 189
84 190
84 192
84 193
84 196
84 197
84 198
84 199
85 86
85 88
85 89
85 90
85 91
85 92
85 93
85 96
85 97
85 102
85 104
85 105
85 106
85 108
85 110
85 114
85 116
85 117
85 119
85 120
85 121
85 123
85 126
85 127
85 128
85 130
85 131
85 132
85 134
85 136
85 141
85 142
85 143
85 144
85 145
85 148
85 149
85 150
85 151
85 153
85 155
85 156
85 158
85 162
85 164
85 165
85 168
85 170
85 171
85 174
85 175
85 176
85 180
85 186
85 188
85 189
85 190
85 192
85 193
85 194
85 195
85 196
85 197
85 199
86 87
86 88
86 89
86 91
86 94
86 95
86 96
86 98
86 99
86 102
86 103
86 104
86 106
86 112
86 113
86 114
86 116
86 118
86 120
86 121
86 122
86 125
86 126
86 130
86 131
86 132
86 135
86 136
86 137
86 138
86 139
86 140
86 141
86 142
86 144
86 145
86 147
86 148
86 150
86 153
86 156
86 157
86 158
86 160
86 163
86 164
86 166
86 167
86 171
86 174
86 176
86 178
86 179
86 180
86 182
86 184
86 186
86 188
86 189
86 190
86 192
86 194
86 196
86 197
86 198
87 88
87 91
87 93
87 95
87 96
87 98
87 99
87 100
87 101
87 102
87 103
87 104
87 105
87 106
87 107
87 108
87 109
87 110
87 111
87 113
87 114
87 118
87 119
87 120
87 121
87 122
87 123
87 124
87 125
87 126
87 127
87 128
87 129
87 131
87 133
87 135
87 136
87 137
87 139
87 140
87 142
87 143
87 145
87 146
87 148
87 149
87 152
87 153
87 154
87 155
87 156
87 158
87 159
87 160
87 162
87 163
87 164
87 168
87 169
87 170
87 171
87 172
87 173
87 174
87 175
87 177
87 178
87 179
87 182
87 183
87 185
87 186
87 188
87 189
87 193
87 195
87 197
88 89
88 90
88 91
88 92
88 93
88 95
88 97
88 98
88 100
88 106
88 107
88 108
88 109
88 115
88 116
88 117
88 118
88 119
88 120
88 123
88 124
88 125
88 127
88 129
88 130
88 131
88 134
88 135
88 136
88 137
88 138
88 139
88 141
88 142
88 145
88 146
88 150
88 151
88 152
88 153
88 154
88 155
88 156
88 158
88 159
88 160
88 161
88 162
88 164
88 166
88 168
88 169
88 170
88 171
88 174
88 175
88 176
88 177
88 179
88 181
88 183
88 185
88 186
88 188
88 189
88 190
88 191
88 194
88 195
88 197
88 199
89 90
89 91
89 93
89 94
89 96
89 98
89 99
89 100
89 101
89 102
89 103
89 106
89 110
89 111
89 112
89 114
89 115
89 118
89 119
89 120
89 122
89 126
89 128
89 130
89 131
89 133
89 135
89 136
89 138
89 143
89 144
89 145
89 149
89 151
89 152
89 153
89 155
89 156
89 157
89 159
89 160
89 167
89 168
89 170
89 171
89 172
89 174
89 176
89 177
89 178
89 181
89 182
89 184
89 187
89 189
89 197
90 91
90 94
90 97
90 98
90 100
90 101
90 102
90 104
90 106
90 108
90 111
90 112
90 113
90 114
90 115
90 116
90 117
90 121
90 122
90 123
90 126
90 130
90 135
90 136
90 138
90 139
90 141
90 142
90 143
90 144
90 145
90 146
90 147
90 149
90 151
90 152
90 153
90 154
90 155
90 156
90 157
90 159
90 162
90 163
90 164
90 165
90 166
90 167
90 168
90 169
90 170
90 173
90 174
90 177
90 179
90 180
90 184
90 186
90 187
90 188
90 189
90 191
90 192
90 193
90 194
90 196
90 198
90 199
91 93
91 94
91 95
91 97
91 98
91 99
91 100
91 101
91 103
91 104
91 106
91 108
91 109
91 110
91 112
91 114
91 115
91 117
91 118
91 119
91 120
91 127
91 130
91 135
91 136
91 137
91 138
91 140
91 142
91 145
91 146
91 147
91 148
91 150
91 151
91 152
91 153
91 158
91 160
91 161
91 163
91 165
91 166
91 168
91 169
91 170
91 171
91 172
91 173
91 175
91 176
91 178
91 179
91 180
91 181
91 184
91 185
91 187
91 188
91 189
91 190
91 191
91 193
91 195
91 196
91 197
91 198
91 199
92 93
92 94
92 95
92 96
92 98
92 99
92 102
92 104
92 105
92 108
92 109
92 111
92 112
92 113
92 117
92 118
92 119
92 120
92 122
92 123
92 124
92 127
92 128
92 129
92 130
92 131
92 133
92 137
92 138
92 140
92 141
92 142
92 146
92 147
92 148
92 149
92 151
92 152
92 153
92 155
92 156
92 157
92 158
92 160
92 162
92 163
92 164
92 169
92 170
92 174
92 175
92 176
92 177
92 178
92 182
92 184
92 186
92 187
92 191
92 194
92 196
92 197
92 198
93 95
93 96
93 97
93 98
93 99
93 100
93 101
93 104
93 106
93 107
93 110
93 111
93 113
93 114
93 118
93 119
93 121
93 124
93 125
93 128
93 131
93 132
93 133
93 134
93 135
93 136
93 137
93 138
93 140
93 141
93 142
93 143
93 145
93 146
93 147
93 148
93 150
93 152
93 153
93 154
93 155
93 156
93 160
93 161
93 162
93 163
93 164
93 165
93 166
93 168
93 169
93 170
93 171
93 172
93 174
93 175
93 177
93 178
93 179
93 180
93 182
93 183
93 184
93 185
93 187
93 188
93 189
93 190
93 194
93 196
93 198
93 199
94 95
94 96
94 98
94 100
94 101
94 106
94 107
94 109
94 114
94 116
94 118
94 121
94 122
94 124
94 125
94 127
94 130
94 131
94 132
94 134
94 135
94 136
94 138
94 140
94 143
94 146
94 147
94 148
94 149
94 150
94 151
94 152
94 154
94 155
94 156
94 158
94 159
94 160
94 163
94 164
94 171
94 172
94 175
94 178
94 180
94 182
94 184
94 185
94 188
94 190
94 191
94 193
94 196
94 198
95 96
95 100
95 102
95 104
95 105
95 106
95 108
95 109
95 110
95 111
95 112
95 114
95 115
95 116
95 117
95 118
95 119
95 121
95 122
95 124
95 125
95 126
95 127
95 129
95 136
95 137
95 138
95 139
95 140
95 141
95 143
95 144
95 147
95 151
95 152
95 155
95 156
95 160
95 163
95 166
95 167
95 168
95 171
95 172
95 173
95 174
95 175
95 177
95 178
95 179
95 180
95 186
95 188
95 191
95 195
95 196
95 197
95 198
95 199
96 97
96 99
96 100
96 101
96 102
96 104
96 106
96 107
96 109
96 112
96 113
96 114
96 115
96 116
96 117
96 119
96 120
96 121
96 123
96 124
96 126
96 127
96 128
96 132
96 134
96 135
96 136
96 137
96 138
96 139
96 142
96 143
96 147
96 149
96 150
96 151
96 156
96 157
96 158
96 160
96 161
96 162
96 163
96 166
96 167
96 168
96 171
96 173
96 175
96 176
96 177
96 178
96 180
96 182
96 186
96 187
96 194
96 195
96 197
96 198
96 199
97 98
97 101
97 103
97 104
97 105
97 106
97 107
97 112
97 113
97 115
97 118
97 120
97 122
97 124
97 126
97 127
97 129
97 130
97 132
97 134
97 135
97 136
97 137
97 141
97 142
97 143
97 144
97 145
97 146
97 147
97 150
97 151
97 156
97 157
97 159
97 161
97 162
97 163
97 166
97 167
97 168
97 169
97 170
97 171
97 172
97 173
97 174
97 175
97 177
97 178
97 179
97 185
97 186
97 187
97 191
97 192
97 194
97 197
97 198
97 199
98 100
98 101
98 102
98 103
98 104
98 106
98 108
98 112
98 123
98 124
98 125
98 126
98 127
98 128
98 130
98 131
98 132
98 134
98 135
98 136
98 138
98 142
98 143
98 144
98 145
98 147
98 148
98 149
98 150
98 152
98 156
98 159
98 164
98 165
98 166
98 167
98 169
98 170
98 172
98 175
98 176
98 177
98 179
98 180
98 184
98 185
98 186
98 187
98 188
98 189
98 193
98 195
98 197
98 198
98 199
99 104
99 106
99 107
99 108
99 109
99 111
99 117
99 119
99 120
99 121
99 122
99 124
99 125
99 126
99 127
99 128
99 129
99 130
99 131
99 134
99 135
99 137
99 141
99 142
99 143
99 144
99 146
99 147
99 148
99 149
99 150
99 151
99 152
99 153
99 156
99 157
99 159
99 160
99 161
99 164
99 167
99 168
99 169
99 170
99 172
99 175
99 176
99 179
99 180
99 181
99 182
99 185
99 186
99 187
99 189
99 191
99 196
99 197
99 198
100 101
100 102
100 103
100 104
100 105
100 106
100 108
100 109
100 110
100 111
100 113
100 114
100 115
100 116
100 117
100 119
100 120
100 121
100 122
100 123
100 124
100 126
100 127
100 129
100 130
100 131
100 134
100 135
100 136
100 137
100 139
100 142
100 143
100 144
100 146
100 147
100 151
100 153
100 154
100 159
100 162
100 165
100 166
100 167
100 169
100 170
100 172
100 174
100 175
100 177
100 178
100 180
100 184
100 185
100 186
100 187
100 188
100 189
100 190
100 194
100 195
100 196
101 102
101 107
101 108
101 111
101 113
101 114
101 116
101 119
101 120
101 123
101 127
101 129
101 131
101 133
101 134
101 135
101 136
101 138
101 140
101 141
101 143
101 144
101 145
101 146
101 147
101 148
101 151
101 152
101 153
101 156
101 158
101 159
101 161
101 162
101 164
101 166
101 168
101 170
101 172
101 173
101 176
101 177
101 179
101 181
101 183
101 184
101 186
101 187
101 188
101 189
101 190
101 192
101 198
102 103
102 104
102 105
102 106
102 108
102 111
102 112
102 116
102 117
102 120
102 121
102 123
102 124
102 125
102 127
102 128
102 129
102 131
102 132
102 134
102 137
102 139
102 140
102 141
102 142
102 145
102 146
102 148
102 149
102 150
102 151
102 152
102 153
102 154
102 158
102 159
102 160
102 161
102 162
102 163
102 164
102 166
102 167
102 168
102 171
102 173
102 174
102 175
102 177
102 178
102 179
102 180
102 181
102 182
102 185
102 186
102 190
102 192
102 193
102 196
103 104
103 105
103 110
103 111
103 112
103 113
103 114
103 115
103 116
103 118
103 120
103 121
103 122
103 124
103 125
103 126
103 130
103 133
103 134
103 135
103 136
103 138
103 140
103 141
103 144
103 147
103 149
103 151
103 152
103 153
103 157
103 158
103 159
103 161
103 162
103 164
103 165
103 167
103 171
103 173
103 178
103 179
103 180
103 181
103 183
103 187
103 188
103 191
103 195
103 196
103 197
103 198
104 106
104 107
104 109
104 110
104 113
104 114
104 115
104 117
104 118
104 120
104 121
104 122
104 123
104 127
104 128
104 129
104 130
104 131
104 135
104 136
104 137
104 138
104 139
104 141
104 142
104 143
104 145
104 146
104 147
104 148
104 149
104 150
104 154
104 155
104 160
104 161
104 162
104 163
104 164
104 165
104 168
104 169
104 171
104 172
104 173
104 176
104 177
104 180
104 181
104 182
104 184
104 187
104 188
104 189
104 190
104 191
104 192
104 193
104 194
104 196
104 197
105 106
105 107
105 111
105 112
105 113
105 115
105 118
105 121
105 122
105 123
105 124
105 126
105 127
105 131
105 132
105 133
105 134
105 135
105 137
105 139
105 141
105 142
105 143
105 146
105 149
105 154
105 156
105 158
105 160
105 161
105 162
105 163
105 166
105 167
105 168
105 169
105 170
105 171
105 173
105 174
105 175
105 177
105 178
105 182
105 184
105 187
105 188
105 191
105 192
105 197
105 198
105 199
106 107
106 108
106 109
106 113
106 116
106 119
106 123
106 126
106 127
106 128
106 129
106 131
106 132
106 133
106 134
106 137
106 139
106 140
106 141
106 142
106 143
106 145
106 147
106 149
106 150
106 152
106 153
106 155
106 156
106 157
106 158
106 159
106 162
106 163
106 164
106 165
106 167
106 168
106 171
106 172
106 175
106 176
106 177
106 178
106 179
106 180
106 181
106 184
106 185
106 186
106 188
106 189
106 190
106 191
106 192
106 193
106 194
106 195
106 197
106 198
106 199
107 109
107 110
107 112
107 113
107 114
107 115
107 116
107 117
107 118
107 119
107 123
107 124
107 125
107 126
107 128
107 129
107 130
107 132
107 133
107 135
107 138
107 139
107 141
107 144
107 145
107 146
107 147
107 150
107 151
107 153
107 154
107 157
107 160
107 161
107 164
107 166
107 167
107 171
107 173
107 174
107 175
107 177
107 179
107 180
107 181
107 182
107 184
107 185
107 186
107 189
107 190
107 191
107 193
107 197
108 110
108 111
108 113
108 114
108 117
108 118
108 119
108 121
108 123
108 125
108 129
108 130
108 132
108 133
108 134
108 135
108 137
108 138
108 140
108 142
108 144
108 145
108 146
108 147
108 148
108 149
108 150
108 151
108 153
108 154
108 155
108 156
108 157
108 158
108 159
108 160
108 162
108 163
108 164
108 169
108 170
108 171
108 173
108 174
108 176
108 178
108 180
108 184
108 188
108 191
108 193
108 195
108 197
108 198
108 199
109 110
109 111
109 112
109 113
109 115
109 117
109 118
109 120
109 121
109 122
109 124
109 125
109 127
109 129
109 130
109 133
109 134
109 135
109 136
109 138
109 139
109 140
109 141
109 142
109 143
109 144
109 145
109 147
109 148
109 151
109 153
109 156
109 158
109 159
109 160
109 163
109 164
109 165
109 166
109 168
109 172
109 176
109 177
109 180
109 181
109 182
109 183
109 189
109 190
109 191
109 192
109 193
109 196
109 197
109 198
110 113
110 115
110 116
110 117
110 118
110 119
110 123
110 125
110 126
110 127
110 131
110 132
110 133
110 134
110 136
110 137
110 139
110 146
110 147
110 149
110 150
110 151
110 152
110 153
110 154
110 155
110 156
110 157
110 158
110 159
110 162
110 163
110 164
110 165
110 167
110 170
110 171
110 172
110 174
110 176
110 178
110 179
110 180
110 181
110 183
110 184
110 187
110 188
110 189
110 192
110 193
110 195
110 198
110 199
111 112
111 115
111 118
111 119
111 120
111 122
111 123
111 125
111 127
111 128
111 130
111 131
111 132
111 135
111 136
111 138
111 140
111 141
111 143
111 148
111 150
111 152
111 153
111 155
111 157
111 158
111 160
111 162
111 163
111 164
111 166
111 167
111 174
111 175
111 177
111 179
111 185
111 187
111 188
111 189
111 192
111 193
111 195
111 196
111 199
112 113
112 114
112 115
112 117
112 120
112 122
112 123
112 125
112 126
112 128
112 130
112 131
112 132
112 134
112 135
112 136
112 137
112 140
112 141
112 142
112 143
112 144
112 149
112 150
112 152
112 153
112 156
112 157
112 158
112 160
112 161
112 162
112 163
112 168
112 170
112 171
112 174
112 178
112 180
112 182
112 184
112 185
112 187
112 188
112 189
112 191
112 192
112 193
112 196
112 197
112 199
113 117
113 118
113 119
113 120
113 122
113 124
113 127
113 128
113 129
113 130
113 131
113 133
113 136
113 137
113 141
113 142
113 145
113 146
113 148
113 149
113 150
113 152
113 153
113 154
113 155
113 156
113 157
113 158
113 159
113 160
113 162
113 165
113 166
113 168
113 169
113 172
113 174
113 175
113 176
113 177
113 178
113 179
113 182
113 183
113 185
113 187
113 188
113 195
113 196
113 197
113 198
113 199
114 116
114 117
114 118
114 119
114 121
114 122
114 126
114 127
114 128
114 130
114 131
114 132
114 133
114 135
114 138
114 140
114 143
114 144
114 145
114 147
114 149
114 150
114 151
114 152
114 154
114 160
114 163
114 164
114 165
114 167
114 169
114 170
114 172
114 175
114 176
114 177
114 179
114 180
114 182
114 184
114 187
114 188
114 189
114 191
114 192
114 193
114 194
114 197
114 198
114 199
115 117
115 119
115 121
115 124
115 125
115 126
115 127
115 128
115 129
115 131
115 133
115 134
115 137
115 138
115 139
115 140
115 141
115 143
115 146
115 147
115 149
115 150
115 151
115 153
115 157
115 158
115 159
115 162
115 164
115 165
115 166
115 168
115 169
115 170
115 172
115 173
115 179
115 180
115 181
115 185
115 186
115 188
115 189
115 190
115 191
115 193
115 195
115 196
115 197
115 198
116 118
116 119
116 122
116 124
116 126
116 128
116 130
116 131
116 132
116 134
116 135
116 136
116 137
116 139
116 140
116 141
116 144
116 145
116 146
116 152
116 154
116 157
116 158
116 159
116 160
116 161
116 163
116 164
116 165
116 166
116 167
116 168
116 170
116 171
116 175
116 176
116 179
116 180
116 181
116 183
116 184
116 185
116 186
116 188
116 191
116 196
117 118
117 119
117 123
117 125
117 126
117 128
117 130
117 131
117 132
117 133
117 134
117 136
117 140
117 141
117 143
117 149
117 151
117 152
117 153
117 154
117 157
117 158
117 159
117 162
117 166
117 167
117 168
117 169
117 171
117 172
117 175
117 176
117 177
117 178
117 181
117 183
117 184
117 185
117 186
117 189
117 190
117 191
117 192
117 194
117 197
117 198
117 199
118 119
118 121
118 122
118 123
118 124
118 129
118 131
118 134
118 140
118 143
118 145
118 146
118 147
118 148
118 150
118 154
118 155
118 161
118 162
118 164
118 165
118 167
118 169
118 174
118 176
118 177
118 178
118 179
118 180
118 182
118 187
118 190
118 191
118 192
118 194
118 197
118 199
119 120
119 121
119 122
119 124
119 125
119 126
119 127
119 130
119 131
119 132
119 135
119 137
119 141
119 142
119 143
119 144
119 145
119 146
119 147
119 152
119 153
119 156
119 157
119 158
119 162
119 163
119 164
119 166
119 167
119 169
119 170
119 171
119 173
119 174
119 175
119 177
119 181
119 182
119 183
119 184
119 185
119 187
119 188
119 189
119 192
119 193
119 194
119 196
119 198
120 121
120 122
120 123
120 124
120 128
120 129
120 131
120 132
120 133
120 136
120 137
120 138
120 139
120 143
120 145
120 147
120 148
120 150
120 151
120 152
120 153
120 155
120 156
120 158
120 159
120 164
120 165
120 167
120 171
120 174
120 179
120 181
120 182
120 183
120 184
120 185
120 187
120 188
120 189
120 190
120 191
120 192
120 196
120 197
121 122
121 123
121 124
121 126
121 128
121 129
121 130
121 131
121 132
121 133
121 136
121 137
121 139
121 142
121 143
121 144
121 145
121 146
121 147
121 148
121 150
121 152
121 153
121 154
121 155
121 156
121 157
121 158
121 160
121 161
121 164
121 166
121 168
121 170
121 172
121 173
121 174
121 180
121 183
121 184
121 185
121 186
121 187
121 188
121 189
121 191
121 194
121 196
121 197
121 198
121 199
122 124
122 125
122 129
122 130
122 131
122 135
122 136
122 137
122 139
122 142
122 143
122 145
122 146
122 147
122 149
122 150
122 152
122 153
122 154
122 155
122 158
122 159
122 160
122 162
122 163
122 164
122 165
122 167
122 168
122 169
122 170
122 171
122 174
122 177
122 179
122 180
122 182
122 183
122 184
122 185
122 186
122 188
122 190
122 191
122 192
122 194
122 198
123 124
123 125
123 126
123 127
123 128
123 129
123 132
123 133
123 134
123 136
123 137
123 139
123 144
123 145
123 147
123 149
123 150
123 151
123 152
123 153
123 155
123 156
123 157
123 159
123 160
123 161
123 162
123 163
123 164
123 166
123 167
123 168
123 171
123 174
123 175
123 176
123 177
123 179
123 180
123 181
123 183
123 184
123 185
123 186
123 187
123 188
123 189
123 190
123 194
123 195
123 197
123 199
124 125
124 126
124 127
124 129
124 132
124 133
124 134
124 135
124 136
124 137
124 138
124 139
124 142
124 144
124 145
124 146
124 147
124 150
124 151
124 153
124 156
124 157
124 158
124 159
124 161
124 163
124 164
124 166
124 167
124 169
124 171
124 175
124 176
124 177
124 178
124 181
124 183
124 184
124 185
124 186
124 188
124 189
124 190
124 191
124 192
124 193
124 195
124 199
125 126
125 129
125 130
125 133
125 136
125 137
125 138
125 139
125 142
125 143
125 144
125 146
125 147
125 149
125 150
125 151
125 153
125 154
125 156
125 157
125 158
125 159
125 162
125 164
125 165
125 166
125 167
125 168
125 169
125 171
125 174
125 175
125 177
125 178
125 179
125 181
125 182
125 183
125 184
125 185
125 187
125 188
125 190
125 193
125 198
125 199
126 127
126 128
126 130
126 132
126 135
126 136
126 137
126 138
126 139
126 140
126 142
126 144
126 145
126 146
126 147
126 148
126 149
126 152
126 154
126 155
126 156
126 161
126 162
126 163
126 164
126 165
126 167
126 168
126 169
126 170
126 174
126 175
126 176
126 177
126 178
126 180
126 182
126 190
126 191
126 194
126 195
126 196
126 197
127 128
127 129
127 131
127 133
127 134
127 135
127 136
127 137
127 138
127 139
127 140
127 141
127 143
127 144
127 146
127 148
127 149
127 155
127 156
127 158
127 159
127 160
127 161
127 163
127 165
127 168
127 169
127 171
127 176
127 178
127 181
127 182
127 184
127 186
127 188
127 189
127 194
127 195
127 197
128 129
128 132
128 133
128 135
128 136
128 138
128 139
128 140
128 144
128 146
128 147
128 148
128 149
128 151
128 152
128 153
128 154
128 157
128 158
128 161
128 162
128 163
128 164
128 165
128 168
128 169
128 171
128 172
128 173
128 174
128 175
128 176
128 180
128 181
128 182
128 183
128 184
128 185
128 186
128 189
128 190
128 191
128 193
128 194
128 196
128 197
128 198
128 199
129 130
129 131
129 133
129 134
129 135
129 137
129 138
129 139
129 142
129 143
129 144
129 146
129 147
129 148
129 152
129 153
129 154
129 155
129 156
129 158
129 161
129 165
129 166
129 167
129 168
129 170
129 173
129 174
129 175
129 178
129 180
129 181
129 183
129 185
129 186
129 187
129 190
129 191
129 192
129 193
129 194
129 195
129 197
129 199
130 131
130 134
130 135
130 137
130 138
130 139
130 140
130 142
130 145
130 146
130 150
130 152
130 153
130 156
130 157
130 158
130 159
130 161
130 163
130 164
130 167
130 170
130 176
130 178
130 179
130 180
130 181
130 182
130 184
130 185
130 186
130 187
130 190
130 192
130 193
130 194
130 195
130 196
130 198
130 199
131 133
131 134
131 135
131 136
131 137
131 138
131 139
131 140
131 141
131 142
131 145
131 146
131 147
131 148
131 149
131 151
131 152
131 153
131 154
131 155
131 158
131 159
131 161
131 163
131 164
131 166
131 168
131 169
131 172
131 173
131 176
131 177
131 179
131 181
131 184
131 185
131 187
131 188
131 190
131 191
131 193
131 194
131 195
131 196
131 198
132 134
132 135
132 136
132 137
132 138
132 141
132 142
132 143
132 144
132 145
132 146
132 147
132 149
132 150
132 153
132 155
132 158
132 160
132 161
132 162
132 163
132 167
132 168
132 172
132 173
132 174
132 176
132 177
132 178
132 179
132 180
132 182
132 183
132 184
132 185
132 189
132 191
132 193
132 194
132 195
132 196
132 197
132 198
132 199
133 135
133 137
133 138
133 139
133 140
133 141
133 142
133 143
133 145
133 146
133 147
133 149
133 150
133 151
133 154
133 158
133 160
133 161
133 162
133 169
133 170
133 171
133 172
133 176
133 177
133 178
133 180
133 181
133 182
133 186
133 188
133 189
133 190
133 193
133 199
134 135
134 138
134 140
134 142
134 143
134 144
134 146
134 147
134 148
134 149
134 150
134 152
134 154
134 158
134 162
134 163
134 165
134 166
134 167
134 168
134 169
134 170
134 171
134 174
134 179
134 180
134 181
134 184
134 185
134 186
134 189
134 190
134 191
134 192
134 194
134 196
134 197
134 198
134 199
135 136
135 137
135 138
135 142
135 144
135 146
135 148
135 150
135 151
135 152
135 153
135 156
135 157
135 158
135 160
135 161
135 162
135 166
135 168
135 169
135 170
135 172
135 175
135 178
135 179
135 180
135 183
135 184
135 185
135 187
135 188
135 191
135 192
135 193
135 194
135 197
135 198
136 138
136 140
136 146
136 147
136 148
136 149
136 151
136 153
136 158
136 159
136 160
136 164
136 166
136 168
136 170
136 172
136 173
136 175
136 177
136 178
136 180
136 181
136 184
136 185
136 186
136 187
136 188
136 189
136 191
136 192
136 195
136 196
136 197
136 198
136 199
137 138
137 141
137 142
137 143
137 144
137 149
137 150
137 155
137 157
137 159
137 162
137 163
137 164
137 165
137 166
137 167
137 168
137 170
137 171
137 174
137 178
137 179
137 183
137 184
137 186
137 187
137 188
137 191
137 192
137 196
137 197
137 198
138 140
138 141
138 142
138 143
138 144
138 146
138 147
138 148
138 149
138 152
138 153
138 156
138 160
138 164
138 165
138 166
138 167
138 168
138 170
138 174
138 175
138 177
138 178
138 179
138 180
138 182
138 184
138 185
138 186
138 187
138 189
138 191
138 192
138 193
138 197
138 198
138 199
139 140
139 141
139 142
139 144
139 146
139 148
139 149
139 151
139 152
139 153
139 155
139 156
139 157
139 162
139 164
139 165
139 166
139 167
139 168
139 169
139 176
139 178
139 180
139 181
139 182
139 184
139 186
139 189
139 191
139 192
139 193
139 197
139 198
139 199
140 141
140 142
140 143
140 147
140 149
140 153
140 154
140 156
140 157
140 158
140 159
140 161
140 163
140 164
140 165
140 166
140 167
140 169
140 171
140 172
140 173
140 174
140 175
140 176
140 180
140 181
140 182
140 184
140 185
140 186
140 187
140 188
140 189
140 192
140 193
140 194
140 198
140 199
141 144
141 145
141 146
141 147
141 149
141 151
141 152
141 153
141 154
141 157
141 159
141 160
141 161
141 162
141 163
141 164
141 165
141 167
141 169
141 171
141 174
141 175
141 176
141 178
141 179
141 180
141 181
141 183
141 184
141 185
141 186
141 188
141 189
141 190
141 192
141 193
141 194
141 195
141 196
141 197
141 198
141 199
142 143
142 144
142 145
142 146
142 147
142 148
142 150
142 151
142 153
142 154
142 155
142 157
142 158
142 159
142 161
142 163
142 165
142 168
142 170
142 171
142 173
142 174
142 177
142 178
142 179
142 180
142 182
142 183
142 186
142 187
142 189
142 190
142 192
142 194
142 197
142 198
142 199
143 144
143 148
143 149
143 150
143 152
143 153
143 154
143 155
143 157
143 159
143 161
143 162
143 166
143 167
143 168
143 169
143 170
143 171
143 172
143 173
143 175
143 178
143 181
143 182
143 183
143 185
143 187
143 188
143 190
143 191
143 195
143 196
143 197
143 199
144 146
144 148
144 149
144 150
144 151
144 152
144 153
144 155
144 157
144 158
144 161
144 162
144 163
144 165
144 168
144 169
144 171
144 172
144 174
144 175
144 177
144 178
144 181
144 183
144 184
144 185
144 186
144 189
144 190
144 191
144 193
144 194
144 196
144 198
144 199
145 148
145 149
145 152
145 153
145 155
145 157
145 159
145 161
145 163
145 166
145 167
145 168
145 169
145 170
145 172
145 174
145 175
145 178
145 179
145 180
145 181
145 182
145 186
145 189
145 190
145 192
145 194
145 195
145 197
145 198
146 148
146 149
146 150
146 151
146 152
146 154
146 155
146 156
146 158
146 160
146 161
146 162
146 164
146 165
146 168
146 174
146 175
146 176
146 179
146 181
146 187
146 189
146 190
146 191
146 192
146 195
146 196
146 197
146 198
147 148
147 151
147 153
147 154
147 155
147 157
147 159
147 166
147 167
147 169
147 170
147 171
147 172
147 173
147 174
147 175
147 177
147 181
147 182
147 183
147 184
147 185
147 186
147 187
147 188
147 189
147 190
147 191
147 193
147 196
147 197
148 150
148 151
148 153
148 155
148 159
148 161
148 162
148 164
148 165
148 167
148 173
148 175
148 176
148 181
148 182
148 184
148 185
148 186
148 188
148 189
148 190
148 191
148 193
148 194
148 195
148 199
149 150
149 151
149 152
149 153
149 154
149 155
149 158
149 160
149 161
149 162
149 163
149 164
149 165
149 166
149 167
149 168
149 169
149 170
149 171
149 172
149 173
149 174
149 177
149 179
149 181
149 184
149 185
149 186
149 188
149 189
149 190
149 191
149 193
149 197
149 199
150 151
150 152
150 154
150 155
150 160
150 161
150 164
150 166
150 167
150 168
150 169
150 170
150 174
150 175
150 177
150 178
150 180
150 181
150 183
150 184
150 185
150 186
150 188
150 189
150 190
150 191
150 192
150 193
150 195
150 196
150 197
150 198
150 199
151 152
151 154
151 155
151 158
151 159
151 161
151 162
151 163
151 164
151 165
151 167
151 168
151 169
151 171
151 173
151 174
151 175
151 176
151 177
151 178
151 180
151 181
151 182
151 183
151 185
151 186
151 187
151 188
151 189
151 190
151 193
151 195
151 196
151 198
151 199
152 153
152 154
152 156
152 157
152 159
152 160
152 161
152 162
152 164
152 165
152 167
152 168
152 169
152 172
152 173
152 174
152 175
152 176
152 177
152 178
152 179
152 180
152 181
152 182
152 184
152 186
152 187
152 189
152 190
152 191
152 192
152 194
152 196
152 198
152 199
153 154
153 156
153 158
153 160
153 161
153 162
153 163
153 164
153 165
153 169
153 170
153 174
153 175
153 176
153 177
153 178
153 179
153 182
153 186
153 187
153 188
153 190
153 193
153 197
154 155
154 156
154 157
154 159
154 160
154 163
154 164
154 165
154 166
154 168
154 170
154 171
154 180
154 183
154 184
154 185
154 186
154 187
154 189
154 190
154 191
154 193
154 197
155 158
155 160
155 162
155 163
155 164
155 166
155 168
155 170
155 174
155 175
155 177
155 178
155 179
155 180
155 183
155 184
155 185
155 186
155 187
155 188
155 190
155 191
155 193
155 195
155 196
156 158
156 159
156 160
156 161
156 162
156 163
156 164
156 166
156 168
156 172
156 174
156 175
156 179
156 180
156 181
156 182
156 183
156 184
156 185
156 186
156 189
156 191
156 192
156 195
156 196
156 197
156 199
157 158
157 161
157 165
157 166
157 169
157 170
157 173
157 174
157 177
157 178
157 180
157 182
157 184
157 185
157 186
157 188
157 189
157 192
157 194
157 195
157 196
157 197
158 160
158 161
158 162
158 165
158 169
158 170
158 172
158 173
158 174
158 175
158 176
158 177
158 178
158 179
158 181
158 184
158 186
158 188
158 189
158 190
158 193
158 194
158 197
158 198
158 199
159 160
159 164
159 165
159 166
159 170
159 171
159 174
159 175
159 181
159 183
159 188
159 190
159 191
159 193
159 195
159 196
159 199
160 161
160 163
160 167
160 168
160 169
160 172
160 173
160 175
160 177
160 178
160 180
160 181
160 183
160 185
160 186
160 188
160 190
160 191
160 192
160 193
160 195
160 199
161 162
161 163
161 165
161 167
161 169
161 170
161 171
161 174
161 175
161 176
161 177
161 179
161 180
161 181
161 183
161 190
161 191
161 192
161 194
161 195
161 196
161 197
161 199
162 165
162 168
162 169
162 171
162 172
162 174
162 176
162 177
162 179
162 180
162 181
162 186
162 187
162 189
162 190
162 191
162 192
162 194
162 195
162 196
162 197
162 198
163 164
163 167
163 170
163 173
163 175
163 176
163 178
163 180
163 181
163 182
163 183
163 184
163 185
163 186
163 187
163 189
163 190
163 191
163 192
163 193
163 194
163 195
163 196
163 197
164 165
164 166
164 167
164 168
164 169
164 171
164 173
164 175
164 177
164 178
164 180
164 184
164 185
164 186
164 187
164 188
164 190
164 192
164 193
164 194
164 196
164 197
164 199
165 166
165 169
165 170
165 172
165 174
165 176
165 178
165 181
165 182
165 183
165 184
165 186
165 188
165 189
165 191
165 192
165 194
165 196
165 197
165 198
165 199
166 169
166 170
166 171
166 172
166 173
166 174
166 176
166 177
166 180
166 182
166 184
166 185
166 186
166 187
166 188
166 189
166 193
166 194
166 195
166 197
167 168
167 169
167 170
167 172
167 173
167 176
167 178
167 179
167 182
167 184
167 187
167 188
167 191
167 195
167 196
167 197
167 198
167 199
168 169
168 171
168 172
168 174
168 175
168 177
168 178
168 180
168 181
168 184
168 185
168 186
168 187
168 189
168 191
168 193
168 195
168 196
168 198
168 199
169 170
169 172
169 173
169 174
169 176
169 177
169 179
169 180
169 181
169 182
169 184
169 185
169 186
169 190
169 191
169 193
169 195
169 196
169 198
170 171
170 173
170 174
170 175
170 178
170 180
170 181
170 182
170 183
170 186
170 187
170 188
170 194
170 195
170 197
170 198
170 199
171 173
171 176
171 180
171 182
171 184
171 185
171 186
171 188
171 189
171 191
171 192
171 193
171 195
172 173
172 174
172 176
172 178
172 179
172 180
172 181
172 183
172 184
172 185
172 191
172 192
172 193
172 195
172 196
172 197
172 198
172 199
173 174
173 175
173 176
173 178
173 179
173 180
173 181
173 183
173 185
173 186
173 189
173 190
173 191
173 192
173 196
173 197
173 198
174 175
174 177
174 178
174 179
174 180
174 181
174 182
174 183
174 184
174 185
174 187
174 189
174 190
174 191
174 192
174 196
174 197
174 198
175 176
175 177
175 180
175 181
175 182
175 184
175 185
175 186
175 187
175 188
175 190
175 191
175 193
175 196
175 198
175 199
176 177
176 178
176 179
176 182
176 184
176 189
176 190
176 191
176 193
176 194
176 195
176 198
176 199
177 181
177 182
177 183
177 185
177 186
177 187
177 188
177 189
177 195
177 196
177 197
177 198
177 199
178 179
178 181
178 183
178 184
178 185
178 186
178 187
178 188
178 189
178 191
178 192
178 194
178 195
178 197
178 199
179 180
179 182
179 183
179 184
179 186
179 187
179 190
179 196
179 199
180 181
180 182
180 185
180 190
180 192
180 194
180 195
180 196
181 187
181 188
181 190
181 191
181 193
181 194
181 195
181 196
181 197
181 199
182 184
182 186
182 187
182 188
182 191
182 192
182 193
182 196
182 197
183 192
183 193
183 194
183 197
183 198
183 199
184 185
184 186
184 188
184 190
184 191
184 197
184 199
185 186
185 187
185 188
185 189
185 190
185 191
185 192
185 193
185 194
185 196
185 198
185 199
186 187
186 189
186 191
186 194
186 196
186 198
186 199
187 188
187 190
187 191
187 192
187 193
187 194
187 196
187 197
187 198
187 199
188 189
188 190
188 191
188 192
188 193
188 195
188 196
188 198
188 199
189 190
189 196
189 197
189 199
190 193
190 195
190 196
190 197
190 199
191 192
191 193
191 196
191 197
192 195
192 197
192 198
192 199
193 194
193 195
193 196
193 197
194 195
194 196
194 197
194 198
195 199
196 197
196 198
196 199
197 199
