1 2
1 3
1 4
1 5
1 6
1 8
1 9
1 15
1 17
1 20
1 22
1 26
1 27
1 30
1 31
1 32
1 34
1 39
1 41
1 42
1 45
1 46
1 49
1 50
1 52
1 53
1 54
1 56
1 60
1 62
1 63
1 64
1 65
1 67
1 68
1 69
1 72
1 77
1 78
1 79
1 80
1 83
1 84
1 85
1 86
1 87
1 88
1 91
1 92
1 95
1 97
1 99
1 100
1 102
1 103
1 104
1 105
1 106
1 109
1 112
1 116
1 117
1 119
1 121
1 122
1 124
1 125
1 126
1 127
1 128
1 129
1 131
1 133
1 135
1 138
1 139
1 140
1 141
1 143
1 150
1 151
1 152
1 154
1 155
1 156
1 157
1 161
1 164
1 168
1 175
1 176
1 177
1 179
1 180
1 181
1 182
1 185
1 186
1 189
1 190
1 193
1 194
1 197
1 198
2 6
2 7
2 9
2 10
2 12
2 14
2 16
2 17
2 21
2 23
2 24
2 25
2 27
2 31
2 32
2 35
2 36
2 37
2 38
2 40
2 41
2 43
2 44
2 46
2 47
2 49
2 50
2 51
2 53
2 55
2 56
2 57
2 61
2 62
2 63
2 64
2 65
2 66
2 67
2 68
2 72
2 74
2 75
2 76
2 77
2 80
2 83
2 85
2 88
2 91
2 93
2 96
2 99
2 100
2 101
2 103
2 105
2 106
2 107
2 108
2 109
2 110
2 111
2 112
2 113
2 114
2 117
2 118
2 119
2 120
2 124
2 125
2 126
2 127
2 128
2 130
2 133
2 134
2 135
2 136
2 137
2 138
2 140
2 141
2 142
2 143
2 144
2 145
2 147
2 148
2 153
2 154
2 155
2 158
2 159
2 162
2 163
2 164
2 166
2 167
2 168
2 171
2 172
2 173
2 174
2 179
2 181
2 184
2 189
2 194
2 195
2 200
3 6
3 7
3 8
3 10
3 11
3 13
3 16
3 17
3 19
3 20
3 21
3 22
3 24
3 30
3 33
3 34
3 35
3 40
3 42
3 43
3 44
3 45
3 46
3 54
3 57
3 58
3 59
3 60
3 63
3 65
3 67
3 68
3 70
3 71
3 72
3 77
3 80
3 82
3 86
3 87
3 90
3 92
3 94
3 96
3 98
3 101
3 102
3 103
3 106
3 107
3 109
3 112
3 115
3 116
3 117
3 118
3 120
3 124
3 127
3 130
3 131
3 132
3 133
3 136
3 137
3 138
3 139
3 140
3 143
3 145
3 147
3 148
3 149
3 151
3 153
3 155
3 157
3 158
3 160
3 162
3 163
3 164
3 167
3 172
3 174
3 175
3 177
3 178
3 179
3 181
3 182
3 183
3 184
3 185
3 186
3 187
3 188
3 189
3 191
3 193
3 194
3 195
3 196
3 197
3 198
4 5
4 6
4 7
4 12
4 14
4 15
4 20
4 21
4 22
4 24
4 25
4 26
4 27
4 29
4 32
4 33
4 36
4 37
4 40
4 41
4 45
4 47
4 48
4 49
4 52
4 53
4 54
4 58
4 62
4 63
4 65
4 66
4 70
4 71
4 72
4 74
4 75
4 79
4 84
4 89
4 93
4 94
4 95
4 96
4 98
4 100
4 102
4 103
4 105
4 111
4 114
4 115
4 118
4 119
4 120
4 123
4 124
4 125
4 126
4 127
4 128
4 132
4 134
4 136
4 137
4 138
4 143
4 146
4 147
4 149
4 150
4 151
4 152
4 153
4 154
4 155
4 156
4 158
4 159
4 160
4 161
4 162
4 163
4 167
4 170
4 172
4 174
4 175
4 177
4 179
4 190
4 193
4 194
4 195
4 196
4 197
4 199
4 200
5 11
5 15
5 16
5 17
5 18
5 20
5 22
5 24
5 25
5 28
5 30
5 32
5 34
5 35
5 36
5 40
5 41
5 42
5 43
5 44
5 46
5 47
5 49
5 50
5 52
5 53
5 54
5 56
5 58
5 59
5 63
5 64
5 65
5 66
5 67
5 70
5 72
5 73
5 77
5 80
5 81
5 82
5 84
5 85
5 88
5 93
5 94
5 96
5 98
5 101
5 102
5 108
5 110
5 114
5 115
5 116
5 117
5 118
5 121
5 122
5 123
5 125
5 128
5 130
5 131
5 132
5 133
5 135
5 136
5 139
5 143
5 144
5 145
5 148
5 151
5 153
5 154
5 157
5 158
5 159
5 163
5 166
5 168
5 170
5 173
5 174
5 175
5 176
5 178
5 180
5 182
5 183
5 184
5 186
5 187
5 188
5 189
5 191
5 193
5 194
5 200
6 7
6 8
6 10
6 11
6 13
6 14
6 15
6 17
6 18
6 19
6 22
6 26
6 29
6 31
6 34
6 35
6 36
6 37
6 38
6 42
6 43
6 45
6 46
6 49
6 50
6 57
6 58
6 59
6 60
6 63
6 64
6 65
6 67
6 69
6 70
6 74
6 75
6 77
6 80
6 81
6 82
6 85
6 86
6 88
6 93
6 95
6 97
6 100
6 101
6 103
6 104
6 107
6 110
6 113
6 114
6 116
6 119
6 120
6 121
6 124
6 125
6 126
6 127
6 128
6 132
6 133
6 135
6 137
6 138
6 143
6 144
6 146
6 152
6 153
6 155
6 156
6 157
6 158
6 160
6 162
6 165
6 167
6 168
6 172
6 177
6 178
6 179
6 180
6 183
6 185
6 186
6 187
6 188
6 189
6 190
6 191
6 192
6 193
6 194
6 195
6 198
7 9
7 10
7 11
7 12
7 13
7 15
7 17
7 18
7 19
7 20
7 21
7 24
7 25
7 26
7 29
7 35
7 38
7 40
7 41
7 45
7 47
7 48
7 50
7 54
7 56
7 59
7 60
7 61
7 63
7 64
7 66
7 70
7 71
7 72
7 74
7 75
7 76
7 81
7 84
7 85
7 86
7 87
7 88
7 91
7 95
7 96
7 97
7 98
7 100
7 103
7 107
7 108
7 109
7 110
7 111
7 112
7 113
7 119
7 121
7 124
7 125
7 129
7 130
7 131
7 133
7 134
7 135
7 136
7 138
7 140
7 142
7 143
7 145
7 147
7 148
7 149
7 153
7 154
7 156
7 157
7 160
7 161
7 162
7 165
7 167
7 169
7 171
7 173
7 175
7 176
7 179
7 180
7 181
7 184
7 185
7 189
7 190
7 191
7 192
7 193
7 197
7 199
8 10
8 11
8 12
8 13
8 14
8 15
8 16
8 17
8 18
8 21
8 22
8 26
8 27
8 30
8 32
8 33
8 34
8 35
8 37
8 39
8 40
8 41
8 43
8 44
8 46
8 47
8 49
8 50
8 51
8 52
8 53
8 54
8 56
8 57
8 59
8 61
8 62
8 63
8 64
8 67
8 68
8 75
8 76
8 78
8 79
8 82
8 88
8 89
8 90
8 92
8 94
8 95
8 96
8 99
8 101
8 103
8 104
8 106
8 107
8 109
8 110
8 111
8 112
8 113
8 114
8 116
8 119
8 122
8 123
8 125
8 126
8 127
8 129
8 131
8 132
8 133
8 134
8 137
8 138
8 140
8 144
8 145
8 147
8 149
8 151
8 153
8 154
8 155
8 157
8 158
8 159
8 161
8 164
8 165
8 167
8 168
8 169
8 170
8 171
8 172
8 179
8 180
8 181
8 182
8 184
8 186
8 187
8 190
8 191
8 192
8 194
8 195
8 196
8 197
8 199
8 200
9 10
9 12
9 13
9 16
9 18
9 19
9 20
9 22
9 23
9 24
9 26
9 29
9 30
9 31
9 32
9 35
9 37
9 38
9 39
9 42
9 43
9 44
9 45
9 46
9 47
9 50
9 52
9 53
9 55
9 56
9 57
9 58
9 59
9 60
9 61
9 62
9 66
9 67
9 70
9 72
9 73
9 74
9 76
9 77
9 78
9 79
9 81
9 82
9 83
9 87
9 90
9 91
9 92
9 93
9 94
9 98
9 99
9 100
9 102
9 104
9 105
9 109
9 115
9 116
9 117
9 118
9 119
9 120
9 121
9 122
9 123
9 125
9 129
9 132
9 134
9 137
9 143
9 144
9 145
9 147
9 148
9 152
9 154
9 156
9 157
9 158
9 160
9 161
9 166
9 167
9 168
9 170
9 172
9 174
9 177
9 178
9 179
9 180
9 186
9 187
9 188
9 189
9 191
9 192
9 195
9 196
9 197
9 198
9 199
10 13
10 15
10 18
10 19
10 23
10 28
10 29
10 30
10 31
10 33
10 34
10 36
10 38
10 39
10 40
10 41
10 42
10 44
10 45
10 46
10 47
10 51
10 52
10 53
10 54
10 55
10 57
10 61
10 64
10 66
10 67
10 68
10 69
10 70
10 73
10 74
10 76
10 77
10 81
10 84
10 85
10 86
10 87
10 88
10 89
10 93
10 94
10 95
10 97
10 98
10 100
10 101
10 102
10 103
10 104
10 106
10 107
10 110
10 111
10 113
10 115
10 116
10 117
10 118
10 119
10 120
10 121
10 122
10 126
10 127
10 130
10 133
10 137
10 143
10 145
10 146
10 147
10 153
10 154
10 156
10 157
10 158
10 161
10 164
10 166
10 168
10 170
10 176
10 177
10 178
10 179
10 181
10 182
10 184
10 186
10 187
10 189
10 191
10 196
10 200
11 14
11 15
11 16
11 17
11 18
11 21
11 22
11 24
11 25
11 26
11 27
11 28
11 29
11 31
11 33
11 35
11 36
11 39
11 40
11 41
11 42
11 43
11 48
11 49
11 50
11 51
11 52
11 54
11 59
11 60
11 61
11 63
11 65
11 66
11 67
11 69
11 70
11 71
11 72
11 73
11 74
11 75
11 77
11 78
11 80
11 83
11 84
11 85
11 86
11 87
11 90
11 92
11 93
11 94
11 95
11 96
11 97
11 99
11 101
11 102
11 104
11 105
11 109
11 110
11 114
11 115
11 116
11 117
11 119
11 120
11 123
11 124
11 126
11 127
11 128
11 131
11 133
11 134
11 137
11 138
11 139
11 141
11 142
11 143
11 144
11 146
11 148
11 149
11 151
11 152
11 153
11 154
11 155
11 156
11 157
11 161
11 163
11 165
11 167
11 168
11 170
11 171
11 172
11 173
11 175
11 178
11 183
11 184
11 188
11 189
11 190
11 192
11 193
11 194
11 195
11 196
11 198
11 199
12 16
12 19
12 20
12 22
12 25
12 27
12 28
12 29
12 32
12 35
12 39
12 40
12 41
12 45
12 49
12 50
12 52
12 55
12 56
12 57
12 58
12 60
12 62
12 65
12 69
12 70
12 73
12 74
12 76
12 77
12 80
12 82
12 83
12 84
12 85
12 86
12 87
12 88
12 89
12 90
12 92
12 94
12 97
12 98
12 101
12 102
12 104
12 105
12 106
12 107
12 109
12 110
12 111
12 113
12 115
12 116
12 117
12 118
12 119
12 120
12 124
12 125
12 126
12 127
12 129
12 130
12 132
12 133
12 135
12 136
12 137
12 138
12 139
12 140
12 141
12 142
12 144
12 145
12 147
12 148
12 151
12 152
12 154
12 155
12 159
12 160
12 161
12 162
12 163
12 166
12 168
12 170
12 171
12 173
12 174
12 175
12 176
12 178
12 180
12 181
12 189
12 190
12 195
12 196
12 198
12 199
12 200
13 17
13 18
13 23
13 26
13 28
13 29
13 30
13 31
13 32
13 35
13 36
13 38
13 39
13 40
13 41
13 42
13 43
13 44
13 45
13 49
13 50
13 53
13 55
13 60
13 62
13 63
13 64
13 65
13 67
13 72
13 73
13 74
13 75
13 76
13 77
13 80
13 83
13 84
13 85
13 86
13 87
13 88
13 90
13 93
13 94
13 95
13 96
13 97
13 101
13 102
13 104
13 106
13 107
13 109
13 112
13 113
13 116
13 118
13 119
13 120
13 122
13 123
13 124
13 128
13 130
13 131
13 132
13 135
13 137
13 138
13 139
13 140
13 141
13 144
13 145
13 147
13 148
13 150
13 151
13 152
13 153
13 154
13 155
13 156
13 158
13 161
13 162
13 164
13 165
13 170
13 172
13 173
13 174
13 178
13 179
13 180
13 181
13 182
13 184
13 185
13 187
13 188
13 189
13 190
13 193
13 196
13 198
13 199
13 200
14 15
14 16
14 18
14 19
14 22
14 24
14 28
14 29
14 31
14 32
14 33
14 35
14 36
14 37
14 42
14 43
14 44
14 47
14 48
14 49
14 51
14 52
14 53
14 57
14 60
14 61
14 63
14 64
14 68
14 69
14 71
14 72
14 73
14 75
14 77
14 79
14 80
14 81
14 83
14 84
14 85
14 86
14 87
14 89
14 91
14 92
14 94
14 96
14 98
14 99
14 100
14 101
14 102
14 103
14 104
14 105
14 106
14 107
14 109
14 110
14 116
14 118
14 119
14 120
14 122
14 123
14 126
14 131
14 132
14 133
14 135
14 137
14 140
14 141
14 142
14 144
14 146
14 147
14 148
14 153
14 155
14 156
14 158
14 159
14 166
14 167
14 168
14 170
14 171
14 174
14 177
14 182
14 186
14 188
14 189
14 195
14 196
14 197
14 198
14 199
15 17
15 18
15 19
15 20
15 24
15 28
15 30
15 31
15 33
15 34
15 37
15 39
15 40
15 42
15 45
15 46
15 47
15 48
15 49
15 51
15 52
15 53
15 56
15 59
15 60
15 61
15 62
15 65
15 66
15 69
15 71
15 73
15 78
15 79
15 81
15 85
15 86
15 87
15 88
15 90
15 91
15 96
15 97
15 98
15 99
15 102
15 104
15 105
15 108
15 109
15 111
15 112
15 118
15 119
15 121
15 122
15 123
15 126
15 127
15 128
15 129
15 130
15 132
15 133
15 135
15 139
15 141
15 143
15 144
15 145
15 147
15 148
15 149
15 151
15 152
15 155
15 156
15 158
15 159
15 160
15 161
15 164
15 166
15 170
15 171
15 172
15 174
15 175
15 176
15 178
15 179
15 181
15 182
15 188
15 190
15 193
15 195
15 197
15 198
15 199
15 200
16 19
16 20
16 22
16 23
16 26
16 27
16 30
16 31
16 33
16 35
16 38
16 40
16 41
16 42
16 43
16 44
16 45
16 48
16 50
16 51
16 52
16 53
16 57
16 59
16 61
16 63
16 67
16 69
16 70
16 71
16 73
16 74
16 75
16 76
16 79
16 81
16 82
16 83
16 84
16 86
16 90
16 92
16 94
16 95
16 96
16 99
16 101
16 102
16 104
16 106
16 108
16 111
16 112
16 113
16 114
16 117
16 119
16 121
16 123
16 124
16 126
16 127
16 128
16 132
16 134
16 135
16 136
16 137
16 139
16 141
16 142
16 144
16 145
16 146
16 147
16 148
16 152
16 153
16 155
16 158
16 161
16 162
16 164
16 165
16 166
16 167
16 170
16 171
16 172
16 173
16 175
16 176
16 177
16 178
16 179
16 180
16 182
16 184
16 185
16 186
16 187
16 190
16 191
16 192
16 193
16 194
16 196
16 197
16 200
17 22
17 24
17 26
17 27
17 31
17 32
17 33
17 34
17 35
17 39
17 42
17 43
17 45
17 46
17 47
17 48
17 49
17 50
17 51
17 52
17 55
17 57
17 58
17 60
17 61
17 66
17 68
17 69
17 70
17 71
17 75
17 76
17 77
17 79
17 81
17 83
17 86
17 88
17 89
17 90
17 92
17 93
17 96
17 97
17 99
17 102
17 103
17 104
17 105
17 107
17 109
17 114
17 117
17 120
17 121
17 122
17 125
17 131
17 132
17 135
17 136
17 137
17 138
17 139
17 140
17 141
17 143
17 144
17 146
17 147
17 148
17 149
17 151
17 153
17 154
17 156
17 157
17 161
17 163
17 164
17 165
17 170
17 171
17 172
17 173
17 176
17 178
17 179
17 180
17 181
17 184
17 186
17 187
17 191
17 193
17 196
17 197
18 20
18 22
18 23
18 28
18 29
18 30
18 32
18 33
18 34
18 35
18 37
18 39
18 40
18 41
18 42
18 44
18 45
18 46
18 48
18 53
18 54
18 58
18 59
18 62
18 65
18 66
18 68
18 69
18 71
18 72
18 74
18 76
18 77
18 79
18 80
18 82
18 83
18 84
18 85
18 86
18 88
18 89
18 92
18 95
18 96
18 98
18 101
18 102
18 107
18 112
18 113
18 114
18 116
18 119
18 120
18 121
18 123
18 124
18 125
18 126
18 127
18 128
18 131
18 133
18 134
18 135
18 137
18 138
18 140
18 143
18 145
18 147
18 148
18 149
18 152
18 153
18 154
18 156
18 158
18 160
18 161
18 162
18 164
18 167
18 169
18 170
18 173
18 174
18 177
18 179
18 180
18 185
18 188
18 189
18 192
18 194
18 195
18 199
19 20
19 21
19 22
19 24
19 25
19 26
19 27
19 28
19 29
19 32
19 33
19 34
19 35
19 37
19 40
19 41
19 43
19 45
19 46
19 48
19 49
19 50
19 54
19 60
19 61
19 62
19 63
19 65
19 70
19 71
19 72
19 73
19 74
19 75
19 81
19 83
19 85
19 86
19 87
19 90
19 91
19 93
19 95
19 97
19 99
19 100
19 101
19 102
19 103
19 105
19 106
19 107
19 108
19 109
19 110
19 111
19 112
19 114
19 116
19 117
19 119
19 120
19 121
19 123
19 125
19 127
19 130
19 131
19 133
19 135
19 139
19 140
19 143
19 144
19 145
19 148
19 149
19 151
19 152
19 155
19 156
19 158
19 159
19 161
19 162
19 163
19 164
19 165
19 166
19 168
19 169
19 170
19 172
19 173
19 174
19 176
19 180
19 184
19 186
19 187
19 191
19 192
19 193
19 194
19 196
19 200
20 23
20 24
20 25
20 28
20 29
20 30
20 31
20 34
20 35
20 36
20 37
20 38
20 40
20 41
20 42
20 44
20 48
20 51
20 52
20 53
20 54
20 56
20 60
20 62
20 64
20 67
20 68
20 74
20 77
20 80
20 81
20 82
20 83
20 84
20 86
20 88
20 91
20 93
20 94
20 95
20 96
20 97
20 98
20 99
20 100
20 102
20 103
20 105
20 107
20 111
20 113
20 114
20 116
20 119
20 120
20 121
20 123
20 124
20 127
20 128
20 129
20 130
20 131
20 133
20 134
20 135
20 137
20 138
20 139
20 141
20 143
20 144
20 145
20 147
20 149
20 150
20 151
20 152
20 153
20 155
20 157
20 158
20 159
20 160
20 163
20 168
20 170
20 171
20 172
20 174
20 180
20 181
20 182
20 183
20 191
20 192
20 195
20 198
20 199
21 23
21 25
21 31
21 33
21 34
21 38
21 42
21 46
21 51
21 52
21 53
21 54
21 55
21 56
21 57
21 59
21 61
21 63
21 64
21 66
21 67
21 68
21 76
21 78
21 80
21 81
21 82
21 83
21 84
21 86
21 88
21 89
21 90
21 91
21 93
21 96
21 97
21 100
21 101
21 102
21 103
21 105
21 106
21 107
21 109
21 116
21 117
21 120
21 122
21 123
21 126
21 127
21 133
21 135
21 136
21 137
21 138
21 140
21 141
21 142
21 143
21 145
21 146
21 148
21 150
21 151
21 154
21 155
21 156
21 159
21 161
21 162
21 166
21 169
21 171
21 172
21 175
21 177
21 181
21 182
21 183
21 184
21 185
21 186
21 187
21 189
21 191
21 192
21 194
21 195
21 196
21 198
21 199
22 23
22 24
22 26
22 29
22 32
22 33
22 34
22 37
22 41
22 42
22 44
22 47
22 50
22 51
22 53
22 55
22 56
22 58
22 62
22 63
22 64
22 65
22 66
22 67
22 70
22 71
22 72
22 77
22 78
22 80
22 82
22 84
22 85
22 87
22 88
22 90
22 91
22 92
22 93
22 94
22 96
22 97
22 100
22 101
22 102
22 103
22 104
22 107
22 108
22 109
22 110
22 115
22 117
22 118
22 121
22 124
22 125
22 126
22 127
22 130
22 131
22 132
22 133
22 134
22 135
22 136
22 137
22 140
22 142
22 145
22 146
22 147
22 148
22 149
22 151
22 152
22 156
22 160
22 163
22 164
22 165
22 166
22 168
22 170
22 172
22 173
22 178
22 179
22 180
22 181
22 182
22 183
22 189
22 190
22 192
22 198
22 199
22 200
23 25
23 28
23 30
23 33
23 34
23 35
23 36
23 37
23 38
23 41
23 44
23 45
23 46
23 47
23 48
23 49
23 50
23 51
23 52
23 53
23 54
23 57
23 58
23 59
23 61
23 62
23 63
23 65
23 67
23 68
23 69
23 70
23 73
23 74
23 75
23 76
23 77
23 79
23 82
23 83
23 84
23 85
23 87
23 88
23 89
23 90
23 92
23 95
23 98
23 100
23 101
23 104
23 106
23 107
23 108
23 110
23 111
23 113
23 114
23 115
23 116
23 117
23 118
23 119
23 120
23 122
23 123
23 124
23 125
23 126
23 127
23 128
23 129
23 130
23 135
23 138
23 139
23 141
23 142
23 144
23 145
23 147
23 150
23 151
23 152
23 153
23 155
23 157
23 158
23 159
23 160
23 163
23 164
23 166
23 167
23 168
23 169
23 171
23 172
23 175
23 176
23 177
23 180
23 181
23 182
23 184
23 186
23 187
23 188
23 189
23 192
23 193
23 194
23 198
23 199
23 200
24 26
24 27
24 29
24 30
24 32
24 33
24 37
24 38
24 41
24 42
24 43
24 44
24 45
24 46
24 47
24 48
24 49
24 50
24 51
24 53
24 54
24 55
24 56
24 57
24 58
24 61
24 63
24 64
24 67
24 69
24 70
24 71
24 73
24 76
24 77
24 79
24 81
24 82
24 83
24 84
24 85
24 86
24 87
24 89
24 91
24 92
24 96
24 97
24 99
24 100
24 102
24 103
24 105
24 106
24 108
24 109
24 110
24 111
24 113
24 116
24 117
24 118
24 119
24 122
24 125
24 127
24 129
24 130
24 132
24 133
24 137
24 140
24 141
24 143
24 146
24 152
24 155
24 156
24 157
24 158
24 160
24 161
24 162
24 164
24 165
24 166
24 168
24 169
24 170
24 177
24 179
24 180
24 181
24 183
24 185
24 188
24 189
24 190
24 194
24 197
24 198
24 199
24 200
25 26
25 27
25 29
25 30
25 31
25 33
25 34
25 35
25 38
25 39
25 40
25 43
25 44
25 45
25 46
25 48
25 50
25 55
25 57
25 58
25 59
25 61
25 62
25 63
25 64
25 66
25 67
25 72
25 73
25 74
25 75
25 80
25 83
25 84
25 85
25 86
25 87
25 89
25 92
25 94
25 95
25 97
25 98
25 99
25 102
25 104
25 105
25 106
25 108
25 109
25 110
25 114
25 115
25 117
25 125
25 126
25 129
25 130
25 131
25 132
25 133
25 134
25 138
25 139
25 140
25 141
25 142
25 144
25 145
25 147
25 149
25 150
25 151
25 152
25 153
25 154
25 156
25 157
25 158
25 159
25 160
25 161
25 162
25 166
25 168
25 169
25 170
25 172
25 175
25 176
25 180
25 181
25 182
25 184
25 186
25 187
25 191
25 193
25 196
25 198
25 199
25 200
26 27
26 30
26 31
26 34
26 35
26 36
26 37
26 40
26 43
26 44
26 45
26 46
26 48
26 49
26 51
26 53
26 56
26 57
26 59
26 62
26 63
26 65
26 66
26 67
26 68
26 69
26 70
26 71
26 74
26 76
26 77
26 80
26 83
26 86
26 87
26 88
26 89
26 91
26 96
26 98
26 100
26 103
26 106
26 107
26 109
26 110
26 111
26 112
26 113
26 114
26 115
26 117
26 118
26 120
26 124
26 125
26 126
26 127
26 128
26 129
26 132
26 135
26 138
26 139
26 141
26 142
26 143
26 144
26 145
26 146
26 150
26 154
26 156
26 157
26 158
26 161
26 165
26 166
26 168
26 169
26 170
26 171
26 172
26 173
26 174
26 175
26 177
26 179
26 180
26 181
26 182
26 184
26 186
26 187
26 188
26 189
26 191
26 195
26 196
26 198
27 28
27 29
27 30
27 32
27 35
27 38
27 39
27 40
27 42
27 44
27 45
27 51
27 52
27 53
27 55
27 56
27 59
27 60
27 61
27 62
27 63
27 64
27 67
27 68
27 74
27 75
27 79
27 80
27 81
27 82
27 83
27 85
27 87
27 88
27 90
27 91
27 92
27 95
27 96
27 98
27 99
27 100
27 101
27 104
27 108
27 110
27 111
27 113
27 114
27 115
27 117
27 118
27 119
27 120
27 121
27 122
27 123
27 124
27 125
27 127
27 128
27 130
27 132
27 135
27 137
27 138
27 140
27 144
27 148
27 149
27 150
27 151
27 152
27 154
27 155
27 158
27 159
27 160
27 161
27 162
27 164
27 165
27 166
27 167
27 168
27 170
27 171
27 173
27 175
27 176
27 177
27 178
27 179
27 180
27 184
27 185
27 187
27 188
27 189
27 192
27 196
27 197
27 198
27 199
27 200
28 30
28 31
28 33
28 36
28 39
28 40
28 42
28 45
28 46
28 50
28 51
28 52
28 54
28 55
28 57
28 59
28 61
28 62
28 63
28 65
28 68
28 70
28 72
28 75
28 76
28 77
28 79
28 80
28 81
28 82
28 85
28 86
28 87
28 89
28 91
28 93
28 94
28 95
28 98
28 99
28 100
28 101
28 103
28 104
28 105
28 107
28 110
28 111
28 112
28 113
28 114
28 115
28 116
28 117
28 119
28 120
28 121
28 125
28 126
28 129
28 131
28 132
28 133
28 135
28 137
28 139
28 142
28 143
28 146
28 148
28 149
28 150
28 151
28 152
28 153
28 154
28 157
28 158
28 159
28 160
28 161
28 162
28 164
28 166
28 167
28 168
28 169
28 171
28 172
28 178
28 179
28 181
28 182
28 187
28 188
28 190
28 191
28 193
28 194
28 195
28 197
28 199
28 200
29 30
29 31
29 32
29 34
29 35
29 36
29 37
29 40
29 41
29 43
29 44
29 45
29 46
29 51
29 52
29 53
29 55
29 56
29 57
29 59
29 61
29 62
29 63
29 67
29 68
29 69
29 71
29 72
29 73
29 77
29 78
29 81
29 82
29 83
29 85
29 86
29 87
29 88
29 90
29 91
29 92
29 93
29 97
29 99
29 104
29 105
29 106
29 107
29 110
29 111
29 115
29 116
29 118
29 119
29 120
29 123
29 125
29 126
29 127
29 128
29 129
29 131
29 132
29 133
29 135
29 138
29 139
29 140
29 141
29 142
29 143
29 145
29 146
29 147
29 148
29 149
29 151
29 152
29 153
29 154
29 155
29 156
29 157
29 158
29 159
29 160
29 161
29 163
29 168
29 170
29 171
29 173
29 174
29 176
29 177
29 179
29 180
29 181
29 182
29 183
29 186
29 188
29 191
29 193
29 196
29 197
29 200
30 32
30 33
30 34
30 35
30 36
30 37
30 38
30 41
30 42
30 43
30 44
30 45
30 46
30 47
30 49
30 50
30 52
30 55
30 57
30 58
30 59
30 61
30 62
30 63
30 66
30 67
30 68
30 69
30 70
30 71
30 72
30 73
30 75
30 76
30 77
30 80
30 82
30 84
30 86
30 87
30 88
30 90
30 91
30 93
30 94
30 95
30 98
30 100
30 101
30 102
30 104
30 105
30 106
30 107
30 108
30 112
30 115
30 116
30 117
30 118
30 120
30 121
30 122
30 123
30 124
30 126
30 127
30 130
30 131
30 132
30 133
30 137
30 138
30 140
30 142
30 144
30 145
30 148
30 150
30 151
30 155
30 156
30 157
30 158
30 160
30 161
30 162
30 163
30 164
30 166
30 169
30 170
30 171
30 172
30 173
30 174
30 178
30 180
30 182
30 184
30 186
30 187
30 191
30 193
30 195
30 196
30 197
30 198
30 199
30 200
31 32
31 33
31 35
31 36
31 38
31 39
31 40
31 42
31 43
31 44
31 47
31 48
31 49
31 50
31 51
31 56
31 60
31 62
31 63
31 64
31 65
31 68
31 70
31 71
31 72
31 73
31 74
31 75
31 77
31 81
31 83
31 84
31 87
31 90
31 91
31 94
31 95
31 96
31 97
31 98
31 99
31 100
31 101
31 106
31 107
31 109
31 111
31 112
31 113
31 114
31 115
31 118
31 119
31 121
31 122
31 123
31 126
31 131
31 132
31 134
31 135
31 136
31 138
31 142
31 143
31 144
31 147
31 148
31 150
31 152
31 153
31 154
31 155
31 156
31 157
31 158
31 159
31 160
31 161
31 165
31 166
31 167
31 169
31 172
31 173
31 174
31 175
31 177
31 178
31 182
31 183
31 184
31 186
31 189
31 191
31 192
31 193
31 194
31 197
31 198
31 200
32 33
32 38
32 39
32 41
32 44
32 45
32 47
32 48
32 50
32 52
32 53
32 55
32 56
32 57
32 58
32 59
32 61
32 62
32 63
32 64
32 65
32 68
32 69
32 70
32 72
32 77
32 78
32 79
32 80
32 81
32 83
32 85
32 86
32 87
32 90
32 92
32 95
32 97
32 98
32 106
32 110
32 111
32 117
32 119
32 120
32 124
32 125
32 126
32 127
32 130
32 131
32 132
32 135
32 136
32 137
32 140
32 141
32 142
32 143
32 144
32 147
32 148
32 151
32 153
32 154
32 158
32 160
32 162
32 163
32 164
32 165
32 168
32 170
32 175
32 176
32 178
32 179
32 180
32 181
32 182
32 183
32 187
32 188
32 191
32 192
32 195
32 196
32 197
32 199
32 200
33 34
33 35
33 38
33 39
33 40
33 41
33 43
33 46
33 50
33 52
33 53
33 56
33 57
33 59
33 60
33 61
33 63
33 64
33 65
33 66
33 67
33 68
33 70
33 71
33 73
33 74
33 76
33 77
33 78
33 79
33 82
33 83
33 84
33 86
33 87
33 89
33 90
33 92
33 93
33 96
33 97
33 100
33 102
33 103
33 104
33 105
33 109
33 111
33 112
33 113
33 119
33 122
33 123
33 125
33 126
33 127
33 129
33 131
33 133
33 135
33 136
33 137
33 142
33 146
33 147
33 148
33 150
33 153
33 154
33 155
33 156
33 157
33 158
33 160
33 161
33 164
33 167
33 169
33 172
33 173
33 175
33 176
33 177
33 181
33 183
33 184
33 185
33 186
33 188
33 189
33 193
33 194
33 197
33 198
33 200
34 40
34 41
34 44
34 45
34 46
34 47
34 50
34 51
34 52
34 55
34 57
34 58
34 59
34 60
34 61
34 64
34 65
34 66
34 68
34 69
34 72
34 75
34 76
34 78
34 79
34 80
34 83
34 84
34 87
34 90
34 91
34 92
34 93
34 95
34 96
34 99
34 102
34 103
34 104
34 107
34 113
34 114
34 115
34 118
34 119
34 121
34 122
34 123
34 126
34 128
34 131
34 132
34 133
34 135
34 136
34 139
34 142
34 144
34 145
34 146
34 147
34 148
34 150
34 151
34 152
34 153
34 155
34 156
34 157
34 160
34 161
34 163
34 164
34 166
34 169
34 170
34 184
34 185
34 186
34 187
34 189
34 190
34 191
34 192
34 193
34 194
34 196
34 197
34 199
34 200
35 36
35 38
35 42
35 45
35 46
35 48
35 50
35 52
35 53
35 55
35 56
35 57
35 59
35 62
35 64
35 65
35 67
35 68
35 69
35 70
35 72
35 74
35 75
35 76
35 78
35 79
35 81
35 83
35 85
35 88
35 89
35 91
35 92
35 93
35 94
35 96
35 97
35 98
35 99
35 100
35 101
35 102
35 103
35 105
35 108
35 109
35 110
35 112
35 113
35 114
35 115
35 116
35 118
35 121
35 123
35 126
35 129
35 130
35 131
35 133
35 134
35 136
35 137
35 142
35 144
35 146
35 148
35 149
35 151
35 152
35 154
35 156
35 157
35 160
35 161
35 162
35 163
35 169
35 173
35 174
35 175
35 177
35 178
35 179
35 180
35 182
35 183
35 184
35 185
35 186
35 188
35 192
35 195
35 196
35 200
36 38
36 39
36 44
36 46
36 48
36 49
36 51
36 52
36 53
36 54
36 55
36 56
36 57
36 60
36 63
36 64
36 68
36 71
36 72
36 73
36 74
36 75
36 76
36 77
36 79
36 80
36 81
36 83
36 85
36 87
36 88
36 89
36 90
36 91
36 94
36 95
36 96
36 99
36 103
36 104
36 105
36 106
36 107
36 109
36 110
36 111
36 112
36 116
36 118
36 120
36 121
36 122
36 124
36 125
36 127
36 128
36 130
36 132
36 133
36 134
36 135
36 136
36 137
36 139
36 141
36 142
36 144
36 145
36 146
36 150
36 151
36 152
36 153
36 154
36 156
36 158
36 160
36 161
36 162
36 163
36 164
36 165
36 166
36 167
36 169
36 170
36 171
36 173
36 174
36 176
36 177
36 178
36 179
36 180
36 181
36 182
36 183
36 184
36 185
36 186
36 187
36 189
36 190
36 192
36 194
36 195
36 198
36 200
37 38
37 39
37 40
37 42
37 45
37 51
37 52
37 53
37 56
37 58
37 62
37 63
37 65
37 68
37 69
37 70
37 71
37 72
37 76
37 77
37 78
37 79
37 80
37 82
37 83
37 84
37 85
37 86
37 88
37 89
37 90
37 92
37 93
37 95
37 96
37 97
37 102
37 105
37 106
37 107
37 108
37 110
37 114
37 115
37 117
37 119
37 123
37 125
37 127
37 133
37 136
37 137
37 139
37 142
37 144
37 145
37 147
37 151
37 153
37 154
37 156
37 157
37 158
37 160
37 161
37 163
37 165
37 168
37 173
37 176
37 177
37 179
37 182
37 183
37 184
37 186
37 189
37 190
37 191
37 196
37 198
37 199
38 40
38 46
38 47
38 50
38 56
38 57
38 58
38 61
38 62
38 65
38 66
38 70
38 71
38 74
38 75
38 76
38 77
38 78
38 79
38 80
38 81
38 82
38 85
38 88
38 91
38 92
38 93
38 94
38 96
38 97
38 98
38 100
38 101
38 103
38 105
38 106
38 107
38 108
38 110
38 117
38 121
38 122
38 126
38 127
38 129
38 133
38 140
38 141
38 142
38 144
38 148
38 150
38 152
38 153
38 154
38 156
38 157
38 159
38 160
38 161
38 163
38 164
38 165
38 166
38 167
38 170
38 173
38 174
38 180
38 181
38 182
38 185
38 188
38 189
38 190
38 191
38 194
38 195
38 196
38 197
39 40
39 41
39 44
39 45
39 46
39 47
39 48
39 50
39 52
39 53
39 54
39 55
39 56
39 57
39 58
39 64
39 66
39 69
39 70
39 71
39 72
39 78
39 79
39 81
39 82
39 85
39 89
39 92
39 93
39 94
39 95
39 96
39 97
39 99
39 102
39 103
39 105
39 106
39 108
39 109
39 110
39 113
39 114
39 115
39 116
39 117
39 119
39 122
39 124
39 127
39 128
39 129
39 131
39 133
39 134
39 136
39 137
39 138
39 139
39 140
39 143
39 144
39 145
39 146
39 147
39 148
39 150
39 151
39 152
39 153
39 155
39 157
39 158
39 160
39 161
39 170
39 171
39 175
39 176
39 180
39 182
39 186
39 187
39 189
39 190
39 192
39 193
39 194
39 195
39 196
39 197
39 199
39 200
40 41
40 42
40 43
40 45
40 47
40 48
40 49
40 54
40 55
40 57
40 58
40 60
40 62
40 65
40 68
40 69
40 70
40 71
40 77
40 78
40 80
40 83
40 86
40 87
40 88
40 89
40 90
40 91
40 96
40 98
40 99
40 100
40 101
40 102
40 103
40 104
40 107
40 108
40 110
40 111
40 114
40 115
40 116
40 117
40 118
40 119
40 124
40 125
40 127
40 128
40 130
40 131
40 134
40 138
40 140
40 141
40 144
40 147
40 149
40 150
40 152
40 154
40 156
40 158
40 160
40 162
40 163
40 164
40 165
40 166
40 167
40 168
40 170
40 174
40 176
40 177
40 179
40 180
40 184
40 189
40 192
40 193
40 195
40 196
40 197
40 199
40 200
41 51
41 54
41 56
41 57
41 58
41 59
41 61
41 62
41 66
41 68
41 69
41 70
41 73
41 74
41 75
41 77
41 79
41 81
41 82
41 84
41 86
41 87
41 89
41 90
41 91
41 92
41 93
41 95
41 97
41 98
41 100
41 101
41 102
41 105
41 106
41 110
41 113
41 114
41 115
41 120
41 121
41 122
41 123
41 125
41 127
41 129
41 130
41 132
41 139
41 140
41 142
41 143
41 144
41 145
41 147
41 149
41 150
41 151
41 154
41 156
41 157
41 158
41 161
41 162
41 167
41 169
41 170
41 171
41 172
41 173
41 174
41 175
41 178
41 181
41 182
41 183
41 184
41 185
41 186
41 188
41 190
41 192
41 193
41 194
41 195
41 197
41 200
42 43
42 47
42 48
42 50
42 52
42 53
42 54
42 56
42 59
42 61
42 62
42 64
42 65
42 66
42 67
42 70
42 71
42 74
42 77
42 78
42 79
42 80
42 83
42 84
42 85
42 86
42 87
42 90
42 92
42 94
42 95
42 96
42 97
42 99
42 100
42 101
42 102
42 103
42 105
42 109
42 110
42 111
42 112
42 113
42 115
42 116
42 117
42 119
42 120
42 121
42 123
42 124
42 125
42 126
42 128
42 129
42 134
42 136
42 137
42 138
42 139
42 140
42 141
42 143
42 144
42 145
42 148
42 149
42 150
42 152
42 153
42 156
42 157
42 158
42 161
42 163
42 164
42 167
42 168
42 171
42 173
42 174
42 176
42 179
42 181
42 184
42 185
42 188
42 189
42 194
42 195
42 197
42 199
42 200
43 46
43 48
43 49
43 50
43 51
43 56
43 57
43 58
43 59
43 63
43 64
43 65
43 67
43 68
43 72
43 74
43 75
43 76
43 78
43 79
43 82
43 83
43 87
43 89
43 90
43 91
43 93
43 94
43 97
43 98
43 99
43 100
43 101
43 102
43 103
43 104
43 105
43 106
43 108
43 113
43 114
43 116
43 117
43 120
43 121
43 122
43 124
43 125
43 128
43 130
43 134
43 135
43 138
43 139
43 140
43 145
43 148
43 150
43 151
43 153
43 155
43 156
43 157
43 158
43 159
43 161
43 164
43 165
43 166
43 167
43 168
43 169
43 170
43 171
43 172
43 175
43 176
43 178
43 180
43 181
43 182
43 183
43 184
43 186
43 187
43 188
43 189
43 190
43 191
43 194
43 197
43 198
44 45
44 46
44 49
44 50
44 54
44 58
44 60
44 62
44 67
44 69
44 70
44 71
44 72
44 74
44 75
44 76
44 78
44 79
44 81
44 85
44 86
44 88
44 89
44 90
44 91
44 94
44 97
44 99
44 100
44 104
44 107
44 108
44 111
44 112
44 113
44 114
44 115
44 116
44 117
44 118
44 119
44 124
44 126
44 130
44 132
44 133
44 134
44 136
44 142
44 144
44 147
44 148
44 149
44 151
44 153
44 155
44 156
44 157
44 158
44 159
44 161
44 162
44 163
44 164
44 166
44 167
44 169
44 170
44 172
44 173
44 175
44 177
44 178
44 179
44 182
44 184
44 185
44 186
44 188
44 189
44 190
44 191
44 192
44 193
44 194
44 197
44 198
44 200
45 48
45 49
45 50
45 52
45 53
45 55
45 56
45 58
45 59
45 60
45 61
45 62
45 63
45 64
45 65
45 66
45 71
45 72
45 77
45 78
45 83
45 84
45 86
45 91
45 92
45 94
45 96
45 97
45 99
45 100
45 101
45 105
45 106
45 107
45 108
45 111
45 118
45 119
45 120
45 121
45 122
45 123
45 124
45 126
45 130
45 131
45 133
45 134
45 136
45 139
45 140
45 141
45 142
45 143
45 144
45 145
45 146
45 147
45 148
45 149
45 150
45 152
45 153
45 156
45 157
45 159
45 162
45 163
45 164
45 165
45 169
45 170
45 171
45 172
45 173
45 174
45 179
45 182
45 184
45 187
45 189
45 190
45 192
45 195
45 198
45 199
45 200
46 47
46 48
46 50
46 51
46 52
46 53
46 55
46 56
46 58
46 60
46 61
46 63
46 64
46 69
46 70
46 71
46 73
46 74
46 75
46 76
46 77
46 78
46 83
46 84
46 87
46 89
46 90
46 93
46 94
46 95
46 96
46 97
46 98
46 100
46 101
46 102
46 103
46 105
46 107
46 108
46 112
46 113
46 116
46 117
46 119
46 120
46 122
46 125
46 127
46 128
46 129
46 130
46 131
46 133
46 134
46 135
46 138
46 142
46 143
46 144
46 147
46 148
46 149
46 150
46 152
46 153
46 154
46 157
46 160
46 162
46 166
46 169
46 170
46 171
46 172
46 173
46 174
46 175
46 176
46 177
46 178
46 180
46 182
46 183
46 184
46 185
46 187
46 188
46 190
46 191
46 192
46 193
46 194
46 196
46 197
46 198
46 200
47 51
47 52
47 53
47 54
47 56
47 58
47 60
47 61
47 63
47 64
47 68
47 69
47 70
47 72
47 74
47 75
47 76
47 78
47 81
47 82
47 85
47 88
47 90
47 93
47 95
47 96
47 98
47 99
47 102
47 108
47 109
47 110
47 114
47 115
47 116
47 117
47 118
47 119
47 121
47 122
47 123
47 125
47 129
47 131
47 134
47 135
47 136
47 137
47 138
47 140
47 142
47 143
47 147
47 148
47 150
47 151
47 152
47 153
47 156
47 162
47 163
47 167
47 170
47 171
47 173
47 174
47 175
47 176
47 177
47 180
47 181
47 183
47 184
47 188
47 189
47 190
47 191
47 192
47 194
47 195
47 196
48 50
48 51
48 53
48 55
48 57
48 58
48 59
48 60
48 64
48 67
48 68
48 69
48 70
48 71
48 73
48 74
48 75
48 78
48 83
48 84
48 86
48 87
48 89
48 90
48 91
48 92
48 96
48 98
48 100
48 101
48 102
48 104
48 106
48 107
48 109
48 112
48 113
48 114
48 115
48 123
48 125
48 126
48 128
48 129
48 131
48 133
48 134
48 135
48 136
48 139
48 140
48 142
48 143
48 146
48 149
48 151
48 155
48 156
48 158
48 159
48 160
48 165
48 166
48 168
48 169
48 171
48 172
48 174
48 176
48 179
48 181
48 183
48 184
48 185
48 189
48 191
48 192
48 193
48 194
48 195
48 197
48 198
48 199
49 51
49 52
49 53
49 55
49 56
49 57
49 58
49 59
49 60
49 61
49 64
49 65
49 71
49 72
49 73
49 74
49 75
49 76
49 77
49 83
49 84
49 86
49 87
49 88
49 93
49 94
49 98
49 99
49 103
49 106
49 108
49 111
49 112
49 113
49 115
49 121
49 126
49 127
49 128
49 130
49 131
49 135
49 137
49 138
49 139
49 140
49 142
49 143
49 145
49 148
49 149
49 152
49 153
49 154
49 155
49 158
49 160
49 162
49 164
49 166
49 167
49 169
49 170
49 171
49 173
49 174
49 178
49 179
49 182
49 183
49 185
49 188
49 189
49 190
49 191
49 195
49 197
49 199
49 200
50 51
50 54
50 55
50 56
50 57
50 58
50 62
50 64
50 65
50 67
50 69
50 72
50 77
50 78
50 79
50 80
50 81
50 82
50 83
50 87
50 88
50 90
50 91
50 93
50 94
50 95
50 96
50 97
50 98
50 100
50 101
50 102
50 103
50 104
50 105
50 106
50 107
50 108
50 109
50 110
50 112
50 114
50 116
50 118
50 122
50 125
50 128
50 130
50 131
50 132
50 134
50 136
50 138
50 141
50 142
50 143
50 147
50 149
50 150
50 152
50 153
50 154
50 156
50 157
50 158
50 159
50 161
50 162
50 164
50 168
50 169
50 170
50 171
50 172
50 175
50 176
50 177
50 178
50 180
50 181
50 185
50 187
50 188
50 189
50 190
50 193
50 194
50 195
50 196
50 198
51 52
51 54
51 56
51 57
51 58
51 59
51 60
51 61
51 63
51 64
51 65
51 66
51 67
51 68
51 70
51 74
51 76
51 77
51 78
51 80
51 81
51 82
51 83
51 84
51 85
51 89
51 93
51 94
51 95
51 98
51 99
51 100
51 101
51 102
51 104
51 105
51 107
51 109
51 111
51 112
51 113
51 114
51 115
51 116
51 117
51 122
51 123
51 124
51 125
51 126
51 127
51 128
51 130
51 133
51 136
51 139
51 140
51 141
51 142
51 146
51 147
51 151
51 153
51 155
51 156
51 158
51 160
51 161
51 162
51 166
51 167
51 170
51 171
51 172
51 174
51 175
51 178
51 182
51 183
51 184
51 187
51 188
51 192
51 198
51 199
51 200
52 53
52 55
52 57
52 58
52 59
52 65
52 66
52 69
52 70
52 71
52 77
52 78
52 79
52 81
52 82
52 84
52 87
52 88
52 89
52 90
52 92
52 93
52 96
52 98
52 101
52 102
52 104
52 105
52 106
52 107
52 113
52 114
52 115
52 116
52 120
52 121
52 124
52 126
52 129
52 131
52 133
52 135
52 137
52 138
52 139
52 141
52 144
52 145
52 146
52 147
52 148
52 149
52 150
52 151
52 152
52 154
52 155
52 156
52 157
52 158
52 161
52 162
52 166
52 167
52 169
52 171
52 172
52 174
52 175
52 176
52 179
52 184
52 188
52 189
52 190
52 192
52 194
52 196
52 197
52 200
53 55
53 56
53 57
53 58
53 60
53 61
53 62
53 63
53 66
53 68
53 70
53 72
53 73
53 75
53 77
53 79
53 82
53 84
53 87
53 89
53 90
53 91
53 92
53 94
53 96
53 97
53 98
53 99
53 100
53 103
53 104
53 108
53 112
53 113
53 117
53 118
53 120
53 121
53 122
53 123
53 125
53 127
53 128
53 129
53 130
53 131
53 132
53 134
53 136
53 140
53 141
53 142
53 143
53 144
53 145
53 150
53 152
53 153
53 155
53 156
53 157
53 158
53 159
53 161
53 162
53 163
53 165
53 167
53 171
53 172
53 173
53 174
53 176
53 177
53 178
53 180
53 181
53 182
53 188
53 189
53 191
53 194
53 195
53 196
53 197
53 198
53 199
53 200
54 58
54 60
54 61
54 64
54 65
54 66
54 67
54 70
54 71
54 72
54 74
54 75
54 76
54 77
54 78
54 80
54 82
54 83
54 87
54 88
54 89
54 94
54 95
54 98
54 99
54 101
54 102
54 104
54 106
54 108
54 111
54 112
54 113
54 114
54 115
54 116
54 117
54 124
54 128
54 131
54 132
54 134
54 136
54 137
54 139
54 140
54 144
54 145
54 146
54 149
54 153
54 155
54 157
54 158
54 161
54 162
54 164
54 165
54 167
54 169
54 170
54 172
54 173
54 174
54 175
54 178
54 181
54 182
54 183
54 185
54 186
54 187
54 188
54 189
54 190
54 193
54 196
54 197
54 198
55 57
55 61
55 62
55 64
55 66
55 68
55 69
55 70
55 76
55 77
55 84
55 85
55 86
55 87
55 89
55 90
55 91
55 92
55 94
55 95
55 96
55 100
55 101
55 105
55 106
55 107
55 108
55 109
55 110
55 112
55 114
55 115
55 116
55 120
55 122
55 123
55 126
55 127
55 128
55 129
55 132
55 134
55 137
55 139
55 140
55 141
55 143
55 144
55 147
55 152
55 153
55 154
55 155
55 158
55 159
55 164
55 167
55 170
55 175
55 176
55 179
55 185
55 186
55 189
55 190
55 191
55 192
55 193
55 194
55 195
55 196
55 197
56 57
56 58
56 59
56 61
56 63
56 65
56 66
56 67
56 70
56 71
56 72
56 75
56 77
56 80
56 81
56 84
56 85
56 86
56 87
56 89
56 90
56 91
56 92
56 93
56 99
56 100
56 101
56 102
56 104
56 105
56 110
56 111
56 112
56 113
56 115
56 116
56 118
56 120
56 121
56 122
56 125
56 127
56 130
56 131
56 132
56 133
56 134
56 137
56 138
56 139
56 140
56 141
56 142
56 143
56 144
56 146
56 147
56 149
56 150
56 151
56 153
56 155
56 158
56 159
56 161
56 162
56 163
56 165
56 169
56 173
56 175
56 176
56 177
56 178
56 179
56 180
56 182
56 190
56 194
56 195
56 196
56 197
56 199
57 58
57 59
57 60
57 62
57 65
57 66
57 68
57 69
57 70
57 71
57 72
57 73
57 74
57 75
57 77
57 82
57 83
57 85
57 86
57 87
57 88
57 93
57 94
57 95
57 96
57 97
57 98
57 99
57 101
57 102
57 103
57 106
57 109
57 110
57 111
57 112
57 113
57 117
57 119
57 120
57 121
57 122
57 124
57 125
57 127
57 128
57 129
57 130
57 132
57 133
57 134
57 135
57 136
57 137
57 138
57 140
57 141
57 145
57 152
57 153
57 154
57 155
57 156
57 157
57 158
57 159
57 161
57 164
57 165
57 166
57 167
57 168
57 171
57 172
57 173
57 174
57 175
57 177
57 179
57 181
57 183
57 185
57 186
57 187
57 189
57 191
57 192
57 193
57 194
57 198
58 63
58 64
58 65
58 66
58 69
58 70
58 71
58 72
58 73
58 75
58 78
58 82
58 83
58 84
58 85
58 87
58 88
58 90
58 91
58 93
58 94
58 98
58 101
58 103
58 106
58 108
58 109
58 110
58 111
58 112
58 113
58 115
58 118
58 119
58 120
58 123
58 125
58 127
58 129
58 132
58 133
58 135
58 140
58 143
58 146
58 148
58 149
58 151
58 153
58 155
58 156
58 157
58 160
58 163
58 164
58 165
58 166
58 167
58 168
58 170
58 171
58 173
58 174
58 180
58 182
58 184
58 185
58 187
58 188
58 189
58 190
58 191
58 192
58 196
58 197
58 198
59 60
59 61
59 64
59 65
59 67
59 69
59 70
59 72
59 74
59 75
59 77
59 78
59 82
59 84
59 85
59 86
59 87
59 88
59 90
59 91
59 92
59 93
59 96
59 97
59 99
59 100
59 101
59 102
59 106
59 107
59 109
59 110
59 113
59 115
59 116
59 117
59 118
59 119
59 120
59 121
59 123
59 124
59 125
59 128
59 131
59 133
59 134
59 135
59 136
59 142
59 143
59 144
59 147
59 149
59 152
59 154
59 155
59 157
59 158
59 160
59 162
59 163
59 165
59 169
59 170
59 171
59 172
59 173
59 174
59 175
59 178
59 180
59 182
59 183
59 184
59 185
59 188
59 189
59 194
59 195
59 196
59 197
59 199
60 63
60 64
60 66
60 67
60 68
60 71
60 72
60 73
60 77
60 78
60 86
60 87
60 89
60 90
60 91
60 93
60 95
60 96
60 97
60 98
60 101
60 102
60 107
60 108
60 110
60 111
60 112
60 114
60 117
60 118
60 120
60 121
60 123
60 126
60 127
60 128
60 129
60 132
60 134
60 135
60 137
60 139
60 140
60 141
60 143
60 144
60 145
60 147
60 148
60 149
60 150
60 151
60 156
60 159
60 160
60 161
60 164
60 165
60 168
60 169
60 171
60 175
60 176
60 177
60 179
60 180
60 181
60 182
60 185
60 186
60 189
60 194
60 197
60 198
60 199
60 200
61 62
61 63
61 64
61 65
61 66
61 67
61 68
61 70
61 71
61 72
61 74
61 76
61 78
61 79
61 81
61 82
61 83
61 84
61 86
61 87
61 89
61 91
61 93
61 96
61 97
61 98
61 101
61 102
61 104
61 105
61 106
61 107
61 112
61 113
61 115
61 116
61 118
61 121
61 123
61 124
61 125
61 126
61 127
61 130
61 132
61 135
61 136
61 138
61 141
61 143
61 145
61 146
61 147
61 149
61 150
61 151
61 152
61 155
61 157
61 160
61 162
61 163
61 165
61 173
61 175
61 178
61 180
61 182
61 183
61 184
61 185
61 187
61 188
61 189
61 190
61 192
61 193
61 195
61 196
61 198
61 199
62 63
62 65
62 70
62 72
62 76
62 77
62 78
62 79
62 82
62 84
62 85
62 86
62 87
62 91
62 93
62 95
62 97
62 98
62 102
62 103
62 104
62 105
62 108
62 110
62 111
62 112
62 116
62 117
62 118
62 119
62 122
62 125
62 126
62 127
62 129
62 132
62 134
62 136
62 139
62 140
62 141
62 143
62 145
62 146
62 148
62 149
62 150
62 154
62 157
62 158
62 159
62 161
62 162
62 164
62 165
62 169
62 171
62 172
62 173
62 174
62 175
62 177
62 179
62 180
62 182
62 185
62 186
62 187
62 190
62 192
62 197
62 199
63 66
63 68
63 69
63 70
63 71
63 73
63 75
63 77
63 79
63 81
63 82
63 85
63 91
63 92
63 93
63 95
63 96
63 98
63 101
63 103
63 106
63 107
63 108
63 109
63 110
63 112
63 113
63 117
63 122
63 123
63 125
63 128
63 129
63 130
63 132
63 133
63 134
63 137
63 139
63 141
63 142
63 145
63 148
63 149
63 153
63 154
63 156
63 157
63 158
63 159
63 160
63 161
63 163
63 167
63 171
63 172
63 173
63 175
63 178
63 179
63 180
63 182
63 183
63 185
63 187
63 189
63 192
63 193
63 196
63 197
64 68
64 69
64 70
64 71
64 74
64 79
64 80
64 81
64 82
64 83
64 84
64 85
64 86
64 87
64 88
64 93
64 95
64 97
64 98
64 99
64 101
64 104
64 105
64 106
64 107
64 108
64 111
64 112
64 113
64 116
64 117
64 118
64 121
64 122
64 125
64 126
64 127
64 130
64 133
64 135
64 136
64 138
64 139
64 140
64 141
64 143
64 144
64 149
64 151
64 155
64 156
64 157
64 158
64 161
64 162
64 164
64 167
64 168
64 169
64 170
64 171
64 173
64 176
64 177
64 178
64 179
64 180
64 184
64 190
64 191
64 194
64 195
64 196
64 197
64 198
64 199
64 200
65 66
65 71
65 72
65 73
65 79
65 80
65 81
65 82
65 84
65 85
65 86
65 87
65 90
65 94
65 95
65 96
65 98
65 99
65 100
65 104
65 105
65 106
65 108
65 109
65 112
65 113
65 114
65 115
65 117
65 118
65 125
65 126
65 128
65 130
65 132
65 133
65 134
65 136
65 138
65 139
65 142
65 143
65 146
65 147
65 148
65 150
65 154
65 155
65 156
65 160
65 161
65 162
65 163
65 164
65 166
65 168
65 171
65 174
65 176
65 177
65 180
65 181
65 186
65 190
65 193
65 194
65 196
65 198
66 71
66 72
66 73
66 77
66 78
66 80
66 82
66 84
66 85
66 88
66 89
66 93
66 94
66 95
66 96
66 99
66 101
66 102
66 103
66 104
66 105
66 107
66 108
66 109
66 110
66 112
66 113
66 114
66 116
66 118
66 122
66 124
66 125
66 126
66 128
66 130
66 137
66 139
66 143
66 144
66 147
66 152
66 153
66 155
66 158
66 159
66 160
66 163
66 166
66 171
66 172
66 174
66 175
66 177
66 178
66 179
66 181
66 182
66 183
66 185
66 186
66 187
66 189
66 190
66 192
66 193
66 195
66 197
66 198
66 199
66 200
67 69
67 70
67 73
67 74
67 75
67 77
67 79
67 80
67 86
67 87
67 89
67 90
67 91
67 92
67 94
67 95
67 96
67 97
67 99
67 100
67 104
67 105
67 106
67 109
67 111
67 113
67 114
67 115
67 119
67 120
67 121
67 127
67 129
67 130
67 133
67 134
67 135
67 137
67 139
67 140
67 141
67 142
67 143
67 144
67 146
67 147
67 149
67 151
67 153
67 158
67 159
67 160
67 161
67 162
67 164
67 165
67 166
67 169
67 170
67 171
67 174
67 175
67 178
67 181
67 182
67 185
67 187
67 189
67 191
67 192
67 194
67 195
67 196
67 197
67 199
68 69
68 70
68 72
68 73
68 77
68 80
68 82
68 83
68 85
68 86
68 88
68 89
68 91
68 93
68 94
68 95
68 96
68 97
68 100
68 103
68 105
68 106
68 107
68 108
68 109
68 112
68 113
68 114
68 117
68 119
68 122
68 123
68 124
68 125
68 127
68 131
68 136
68 137
68 138
68 140
68 142
68 145
68 146
68 149
68 153
68 156
68 158
68 159
68 160
68 161
68 162
68 164
68 165
68 166
68 167
68 169
68 170
68 171
68 173
68 174
68 175
68 176
68 177
68 180
68 181
68 183
68 185
68 187
68 188
68 189
68 190
68 192
68 193
68 196
68 197
68 200
69 70
69 71
69 72
69 73
69 75
69 80
69 81
69 82
69 84
69 85
69 87
69 88
69 89
69 91
69 94
69 95
69 97
69 99
69 100
69 101
69 102
69 103
69 105
69 106
69 108
69 109
69 113
69 115
69 116
69 118
69 119
69 120
69 121
69 125
69 129
69 131
69 132
69 133
69 135
69 137
69 139
69 140
69 142
69 143
69 145
69 147
69 148
69 149
69 150
69 151
69 152
69 154
69 155
69 157
69 159
69 160
69 161
69 164
69 165
69 167
69 168
69 169
69 170
69 171
69 174
69 175
69 177
69 181
69 184
69 185
69 188
69 190
69 191
69 192
69 195
69 196
69 198
69 199
69 200
70 71
70 74
70 77
70 81
70 83
70 84
70 85
70 86
70 88
70 90
70 91
70 93
70 94
70 96
70 98
70 99
70 100
70 101
70 102
70 105
70 108
70 109
70 110
70 111
70 112
70 113
70 116
70 117
70 118
70 119
70 123
70 124
70 125
70 127
70 128
70 129
70 130
70 131
70 132
70 133
70 134
70 137
70 138
70 140
70 142
70 143
70 144
70 145
70 147
70 148
70 149
70 152
70 154
70 156
70 161
70 162
70 164
70 166
70 167
70 168
70 170
70 172
70 174
70 176
70 177
70 178
70 180
70 183
70 184
70 186
70 187
70 188
70 189
70 190
70 193
70 195
70 196
70 199
71 72
71 73
71 75
71 77
71 78
71 79
71 80
71 81
71 86
71 87
71 88
71 89
71 95
71 96
71 102
71 103
71 105
71 106
71 109
71 112
71 113
71 114
71 116
71 118
71 120
71 123
71 124
71 125
71 126
71 127
71 128
71 129
71 130
71 131
71 133
71 134
71 135
71 136
71 137
71 138
71 143
71 144
71 147
71 151
71 152
71 153
71 155
71 156
71 157
71 159
71 160
71 161
71 162
71 163
71 164
71 166
71 169
71 170
71 171
71 173
71 175
71 178
71 180
71 182
71 186
71 187
71 189
71 190
71 191
71 193
71 198
71 200
72 73
72 74
72 75
72 76
72 77
72 78
72 80
72 82
72 83
72 84
72 85
72 86
72 87
72 88
72 89
72 90
72 92
72 94
72 100
72 101
72 105
72 106
72 109
72 110
72 111
72 113
72 117
72 121
72 122
72 123
72 124
72 126
72 127
72 128
72 129
72 130
72 131
72 132
72 133
72 135
72 137
72 138
72 140
72 141
72 143
72 145
72 146
72 147
72 149
72 150
72 151
72 155
72 157
72 158
72 159
72 160
72 161
72 163
72 166
72 167
72 170
72 171
72 172
72 173
72 176
72 177
72 178
72 180
72 181
72 184
72 187
72 189
72 190
72 192
72 194
72 195
72 196
72 198
72 199
72 200
73 74
73 75
73 76
73 80
73 82
73 83
73 84
73 87
73 88
73 90
73 91
73 93
73 94
73 95
73 96
73 97
73 98
73 101
73 102
73 104
73 105
73 106
73 107
73 108
73 111
73 112
73 115
73 116
73 120
73 121
73 123
73 124
73 125
73 126
73 127
73 129
73 130
73 131
73 132
73 134
73 137
73 138
73 141
73 144
73 146
73 148
73 151
73 152
73 153
73 154
73 155
73 156
73 159
73 160
73 161
73 163
73 164
73 168
73 171
73 173
73 175
73 182
73 184
73 185
73 186
73 187
73 188
73 189
73 190
73 191
73 194
73 195
73 196
73 200
74 75
74 77
74 78
74 79
74 80
74 82
74 84
74 85
74 86
74 88
74 89
74 91
74 92
74 95
74 97
74 98
74 99
74 100
74 108
74 110
74 111
74 116
74 118
74 119
74 120
74 121
74 124
74 126
74 129
74 131
74 132
74 133
74 134
74 135
74 138
74 139
74 140
74 142
74 143
74 144
74 145
74 148
74 149
74 151
74 152
74 154
74 157
74 158
74 160
74 163
74 165
74 169
74 170
74 172
74 176
74 177
74 178
74 179
74 180
74 184
74 185
74 188
74 190
74 194
74 195
74 196
74 197
74 198
74 199
74 200
75 78
75 79
75 81
75 84
75 85
75 87
75 91
75 93
75 94
75 95
75 98
75 100
75 101
75 103
75 107
75 108
75 110
75 111
75 113
75 114
75 117
75 118
75 123
75 124
75 125
75 128
75 129
75 131
75 132
75 133
75 134
75 138
75 139
75 140
75 143
75 145
75 147
75 152
75 154
75 155
75 160
75 161
75 163
75 165
75 169
75 170
75 171
75 172
75 173
75 174
75 175
75 176
75 177
75 178
75 179
75 182
75 183
75 187
75 188
75 193
75 197
75 198
75 200
76 77
76 78
76 79
76 80
76 81
76 85
76 86
76 87
76 88
76 89
76 90
76 93
76 94
76 98
76 100
76 102
76 103
76 105
76 107
76 108
76 115
76 117
76 118
76 119
76 120
76 123
76 124
76 125
76 126
76 128
76 129
76 132
76 134
76 135
76 136
76 137
76 139
76 142
76 143
76 144
76 145
76 146
76 148
76 149
76 153
76 154
76 163
76 164
76 167
76 169
76 170
76 171
76 172
76 173
76 175
76 176
76 177
76 179
76 181
76 183
76 184
76 185
76 187
76 189
76 191
76 194
76 195
76 197
76 198
76 200
77 79
77 82
77 83
77 86
77 88
77 90
77 91
77 92
77 93
77 94
77 98
77 100
77 102
77 103
77 113
77 114
77 115
77 117
77 119
77 120
77 121
77 122
77 123
77 124
77 126
77 128
77 129
77 130
77 133
77 136
77 138
77 139
77 140
77 141
77 142
77 150
77 151
77 154
77 155
77 157
77 160
77 161
77 164
77 165
77 168
77 171
77 173
77 175
77 176
77 177
77 178
77 179
77 180
77 183
77 184
77 185
77 188
77 189
77 190
77 191
77 192
77 195
77 196
77 199
78 79
78 80
78 81
78 85
78 88
78 91
78 92
78 95
78 96
78 99
78 100
78 101
78 102
78 103
78 104
78 106
78 107
78 108
78 109
78 111
78 116
78 117
78 119
78 122
78 125
78 129
78 131
78 133
78 135
78 137
78 138
78 139
78 146
78 147
78 148
78 149
78 150
78 156
78 159
78 160
78 163
78 164
78 166
78 167
78 170
78 171
78 172
78 173
78 175
78 176
78 177
78 181
78 182
78 184
78 189
78 190
78 191
78 194
78 195
78 198
78 199
78 200
79 80
79 82
79 83
79 84
79 85
79 86
79 88
79 89
79 93
79 95
79 96
79 99
79 101
79 102
79 103
79 106
79 110
79 111
79 112
79 113
79 114
79 117
79 118
79 119
79 120
79 121
79 125
79 126
79 128
79 132
79 137
79 138
79 139
79 141
79 143
79 145
79 147
79 152
79 155
79 156
79 157
79 158
79 162
79 163
79 164
79 165
79 167
79 168
79 170
79 171
79 173
79 174
79 175
79 178
79 180
79 181
79 182
79 184
79 185
79 187
79 188
79 190
79 192
79 194
79 195
79 198
79 199
80 81
80 82
80 83
80 85
80 88
80 90
80 93
80 94
80 97
80 98
80 100
80 101
80 103
80 104
80 106
80 107
80 110
80 115
80 119
80 120
80 122
80 125
80 126
80 127
80 129
80 131
80 132
80 133
80 137
80 141
80 142
80 143
80 144
80 147
80 150
80 152
80 153
80 156
80 157
80 158
80 160
80 165
80 167
80 168
80 169
80 171
80 172
80 174
80 175
80 176
80 178
80 181
80 182
80 185
80 188
80 195
80 196
80 197
80 199
80 200
81 83
81 86
81 88
81 89
81 91
81 93
81 94
81 99
81 101
81 102
81 103
81 105
81 107
81 108
81 109
81 110
81 111
81 113
81 114
81 115
81 116
81 117
81 121
81 122
81 123
81 125
81 126
81 132
81 133
81 134
81 135
81 136
81 137
81 138
81 140
81 141
81 143
81 145
81 148
81 150
81 153
81 154
81 155
81 156
81 157
81 158
81 159
81 160
81 161
81 162
81 163
81 165
81 166
81 167
81 168
81 169
81 171
81 172
81 173
81 178
81 181
81 182
81 183
81 185
81 186
81 187
81 188
81 190
81 193
81 200
82 83
82 85
82 86
82 87
82 90
82 92
82 96
82 99
82 100
82 103
82 104
82 105
82 106
82 107
82 108
82 109
82 110
82 112
82 113
82 118
82 119
82 120
82 123
82 124
82 125
82 126
82 129
82 131
82 132
82 133
82 134
82 135
82 137
82 138
82 139
82 140
82 142
82 144
82 145
82 146
82 147
82 151
82 152
82 154
82 156
82 157
82 159
82 160
82 162
82 163
82 164
82 165
82 166
82 167
82 168
82 169
82 170
82 172
82 175
82 177
82 178
82 180
82 181
82 183
82 185
82 188
82 190
82 191
82 193
82 194
82 195
82 196
82 197
83 84
83 86
83 87
83 88
83 89
83 90
83 91
83 93
83 95
83 96
83 97
83 98
83 99
83 101
83 102
83 104
83 107
83 109
83 110
83 115
83 116
83 117
83 119
83 124
83 125
83 126
83 128
83 129
83 131
83 135
83 136
83 137
83 138
83 139
83 142
83 143
83 146
83 147
83 150
83 153
83 154
83 156
83 159
83 163
83 164
83 165
83 168
83 169
83 172
83 175
83 180
83 181
83 183
83 184
83 185
83 186
83 187
83 188
83 189
83 191
83 195
83 196
83 198
83 200
84 86
84 89
84 90
84 93
84 94
84 95
84 97
84 98
84 99
84 100
84 102
84 103
84 107
84 112
84 114
84 115
84 117
84 119
84 120
84 122
84 123
84 124
84 125
84 128
84 132
84 133
84 134
84 137
84 138
84 139
84 145
84 151
84 153
84 155
84 158
84 159
84 161
84 162
84 163
84 166
84 167
84 168
84 169
84 173
84 175
84 176
84 179
84 187
84 188
84 189
84 191
84 196
84 199
84 200
85 86
85 89
85 90
85 92
85 93
85 94
85 98
85 99
85 100
85 103
85 105
85 106
85 107
85 112
85 113
85 114
85 115
85 116
85 118
85 121
85 122
85 123
85 125
85 126
85 128
85 129
85 130
85 133
85 134
85 138
85 139
85 140
85 141
85 143
85 144
85 145
85 146
85 147
85 149
85 151
85 152
85 153
85 154
85 156
85 158
85 159
85 162
85 163
85 164
85 165
85 166
85 168
85 170
85 172
85 174
85 175
85 178
85 181
85 183
85 187
85 188
85 189
85 190
85 191
85 193
85 199
86 87
86 88
86 90
86 91
86 93
86 94
86 97
86 99
86 101
86 102
86 103
86 105
86 108
86 110
86 111
86 113
86 119
86 121
86 122
86 123
86 125
86 126
86 128
86 131
86 132
86 133
86 134
86 136
86 137
86 140
86 141
86 142
86 143
86 144
86 146
86 147
86 148
86 149
86 155
86 157
86 159
86 161
86 162
86 165
86 166
86 169
86 170
86 174
86 178
86 179
86 182
86 187
86 190
86 191
86 192
86 193
86 194
86 195
86 197
86 198
86 199
87 89
87 90
87 91
87 92
87 93
87 94
87 95
87 96
87 98
87 100
87 101
87 102
87 103
87 104
87 106
87 107
87 108
87 111
87 112
87 113
87 116
87 117
87 118
87 123
87 124
87 127
87 129
87 130
87 132
87 133
87 134
87 136
87 139
87 140
87 142
87 143
87 144
87 145
87 147
87 148
87 149
87 151
87 152
87 153
87 154
87 156
87 157
87 158
87 159
87 160
87 161
87 162
87 163
87 165
87 166
87 167
87 168
87 171
87 172
87 173
87 175
87 176
87 177
87 178
87 179
87 181
87 182
87 184
87 191
87 192
87 193
87 198
87 200
88 89
88 92
88 95
88 96
88 97
88 100
88 101
88 102
88 103
88 105
88 107
88 108
88 109
88 110
88 112
88 113
88 114
88 119
88 120
88 121
88 122
88 124
88 125
88 126
88 127
88 129
88 131
88 133
88 135
88 139
88 142
88 146
88 150
88 152
88 155
88 160
88 161
88 162
88 164
88 167
88 168
88 169
88 170
88 171
88 173
88 174
88 176
88 177
88 178
88 179
88 183
88 186
88 187
88 189
88 192
88 196
88 199
89 91
89 94
89 97
89 98
89 99
89 100
89 101
89 102
89 103
89 104
89 105
89 107
89 108
89 110
89 111
89 113
89 114
89 117
89 119
89 126
89 129
89 131
89 132
89 133
89 134
89 135
89 138
89 139
89 140
89 141
89 142
89 144
89 146
89 150
89 155
89 157
89 159
89 161
89 162
89 163
89 166
89 167
89 168
89 172
89 173
89 174
89 175
89 176
89 177
89 178
89 179
89 182
89 187
89 189
89 191
89 192
89 194
89 197
89 199
90 91
90 94
90 95
90 96
90 97
90 98
90 100
90 101
90 102
90 103
90 104
90 106
90 107
90 109
90 112
90 113
90 114
90 116
90 117
90 118
90 119
90 120
90 124
90 125
90 126
90 127
90 128
90 130
90 131
90 132
90 134
90 136
90 140
90 141
90 145
90 147
90 150
90 151
90 152
90 153
90 154
90 156
90 157
90 160
90 162
90 163
90 165
90 166
90 171
90 172
90 173
90 175
90 176
90 177
90 178
90 179
90 180
90 183
90 186
90 187
90 188
90 190
90 192
90 193
90 194
90 195
90 197
90 198
90 199
90 200
91 92
91 93
91 94
91 95
91 97
91 100
91 102
91 103
91 106
91 111
91 113
91 115
91 117
91 118
91 119
91 120
91 122
91 123
91 125
91 126
91 127
91 128
91 130
91 131
91 132
91 133
91 135
91 136
91 137
91 139
91 141
91 142
91 143
91 146
91 151
91 153
91 154
91 155
91 156
91 157
91 159
91 161
91 162
91 163
91 164
91 168
91 169
91 170
91 172
91 173
91 178
91 181
91 186
91 187
91 188
91 189
91 192
91 193
91 195
91 196
91 198
91 199
92 93
92 95
92 99
92 103
92 104
92 105
92 107
92 108
92 111
92 113
92 115
92 116
92 117
92 118
92 121
92 122
92 125
92 127
92 129
92 133
92 134
92 135
92 136
92 138
92 139
92 141
92 142
92 144
92 145
92 146
92 148
92 149
92 151
92 154
92 158
92 160
92 161
92 163
92 165
92 168
92 169
92 170
92 171
92 174
92 175
92 176
92 177
92 180
92 181
92 184
92 185
92 186
92 191
92 192
92 193
92 194
92 195
92 196
92 197
92 198
92 199
92 200
93 94
93 95
93 101
93 104
93 105
93 106
93 107
93 108
93 111
93 114
93 115
93 118
93 122
93 125
93 126
93 127
93 128
93 131
93 132
93 133
93 135
93 136
93 137
93 138
93 139
93 142
93 143
93 145
93 147
93 148
93 150
93 151
93 152
93 153
93 154
93 155
93 156
93 159
93 160
93 161
93 168
93 169
93 170
93 172
93 173
93 175
93 176
93 178
93 179
93 180
93 181
93 182
93 184
93 185
93 187
93 189
93 193
93 194
93 195
93 197
93 198
93 199
93 200
94 95
94 96
94 98
94 100
94 102
94 105
94 106
94 107
94 110
94 112
94 114
94 115
94 122
94 125
94 126
94 127
94 128
94 129
94 132
94 134
94 136
94 138
94 139
94 140
94 141
94 142
94 143
94 144
94 145
94 147
94 148
94 152
94 153
94 155
94 156
94 157
94 158
94 159
94 163
94 166
94 167
94 168
94 169
94 170
94 171
94 172
94 173
94 174
94 176
94 178
94 180
94 181
94 182
94 184
94 186
94 187
94 188
94 189
94 191
94 192
94 194
94 198
94 199
94 200
95 96
95 99
95 104
95 105
95 106
95 108
95 110
95 111
95 112
95 114
95 115
95 116
95 118
95 119
95 120
95 121
95 123
95 124
95 125
95 127
95 129
95 130
95 131
95 132
95 133
95 134
95 136
95 137
95 138
95 141
95 142
95 145
95 147
95 148
95 149
95 152
95 154
95 155
95 156
95 157
95 159
95 161
95 162
95 163
95 165
95 166
95 168
95 170
95 174
95 178
95 179
95 181
95 182
95 183
95 184
95 186
95 187
95 188
95 189
95 190
95 191
95 192
95 193
95 196
95 197
96 97
96 99
96 101
96 104
96 106
96 107
96 108
96 109
96 110
96 111
96 112
96 113
96 117
96 118
96 119
96 122
96 123
96 124
96 126
96 128
96 129
96 131
96 133
96 135
96 136
96 137
96 139
96 140
96 141
96 147
96 148
96 150
96 151
96 153
96 154
96 155
96 157
96 158
96 159
96 160
96 161
96 162
96 163
96 164
96 165
96 166
96 167
96 169
96 170
96 171
96 173
96 175
96 176
96 180
96 181
96 182
96 185
96 186
96 187
96 188
96 189
96 190
96 191
96 193
96 194
96 195
96 197
96 198
96 199
96 200
97 99
97 100
97 101
97 105
97 108
97 109
97 110
97 113
97 117
97 119
97 120
97 121
97 122
97 124
97 127
97 128
97 130
97 131
97 134
97 135
97 137
97 138
97 140
97 141
97 142
97 145
97 146
97 147
97 149
97 150
97 151
97 152
97 154
97 157
97 162
97 163
97 164
97 165
97 167
97 168
97 170
97 174
97 175
97 176
97 178
97 179
97 180
97 183
97 184
97 186
97 188
97 190
97 191
97 194
97 196
97 198
98 99
98 100
98 101
98 102
98 106
98 107
98 108
98 110
98 111
98 112
98 118
98 120
98 122
98 123
98 124
98 125
98 126
98 127
98 130
98 131
98 132
98 133
98 136
98 137
98 139
98 141
98 143
98 145
98 146
98 147
98 148
98 149
98 151
98 153
98 155
98 156
98 159
98 160
98 161
98 162
98 164
98 166
98 167
98 168
98 169
98 170
98 171
98 177
98 178
98 179
98 180
98 182
98 187
98 189
98 190
98 191
98 192
98 193
98 196
98 199
98 200
99 103
99 104
99 106
99 108
99 110
99 113
99 114
99 115
99 116
99 118
99 119
99 120
99 122
99 124
99 126
99 127
99 128
99 129
99 132
99 134
99 135
99 139
99 140
99 142
99 143
99 144
99 145
99 146
99 148
99 151
99 153
99 154
99 157
99 160
99 162
99 164
99 165
99 166
99 170
99 171
99 172
99 175
99 176
99 178
99 180
99 182
99 183
99 184
99 185
99 186
99 187
99 192
99 194
99 196
99 197
99 198
99 199
100 101
100 102
100 105
100 106
100 107
100 108
100 109
100 110
100 111
100 112
100 114
100 116
100 118
100 121
100 122
100 126
100 131
100 132
100 134
100 135
100 136
100 137
100 138
100 139
100 140
100 142
100 143
100 144
100 145
100 149
100 150
100 151
100 152
100 153
100 154
100 158
100 159
100 160
100 161
100 162
100 165
100 166
100 169
100 170
100 171
100 172
100 174
100 177
100 178
100 179
100 180
100 182
100 183
100 185
100 189
100 192
100 194
100 195
101 102
101 103
101 105
101 106
101 110
101 112
101 113
101 114
101 115
101 116
101 117
101 118
101 120
101 122
101 125
101 127
101 130
101 131
101 133
101 135
101 137
101 140
101 141
101 142
101 143
101 146
101 147
101 148
101 149
101 151
101 152
101 153
101 154
101 156
101 157
101 158
101 159
101 161
101 163
101 164
101 166
101 167
101 169
101 170
101 171
101 172
101 174
101 176
101 186
101 187
101 190
101 192
101 194
101 195
101 196
101 197
101 198
101 199
101 200
102 103
102 109
102 110
102 111
102 112
102 113
102 115
102 117
102 118
102 119
102 121
102 123
102 125
102 126
102 127
102 128
102 130
102 131
102 134
102 138
102 140
102 142
102 146
102 148
102 149
102 151
102 152
102 155
102 158
102 161
102 166
102 167
102 169
102 170
102 171
102 176
102 177
102 178
102 180
102 181
102 182
102 185
102 194
102 195
102 196
102 197
102 198
102 199
103 104
103 105
103 107
103 109
103 110
103 111
103 112
103 113
103 115
103 116
103 119
103 121
103 122
103 123
103 125
103 126
103 127
103 129
103 131
103 132
103 133
103 136
103 137
103 139
103 141
103 142
103 143
103 144
103 147
103 149
103 152
103 155
103 158
103 159
103 160
103 161
103 162
103 164
103 167
103 169
103 171
103 172
103 174
103 176
103 180
103 183
103 184
103 186
103 189
103 190
103 191
103 194
103 196
103 197
103 198
103 199
103 200
104 107
104 109
104 110
104 111
104 112
104 113
104 114
104 115
104 119
104 122
104 124
104 126
104 129
104 131
104 132
104 134
104 135
104 137
104 141
104 142
104 143
104 144
104 145
104 147
104 148
104 149
104 150
104 153
104 155
104 157
104 159
104 160
104 162
104 163
104 164
104 166
104 168
104 170
104 172
104 173
104 174
104 180
104 181
104 182
104 185
104 188
104 193
104 197
104 198
104 199
104 200
105 107
105 108
105 110
105 112
105 114
105 116
105 119
105 121
105 123
105 125
105 128
105 131
105 135
105 137
105 138
105 139
105 142
105 143
105 144
105 145
105 146
105 147
105 148
105 150
105 151
105 152
105 153
105 154
105 158
105 160
105 161
105 162
105 163
105 165
105 167
105 168
105 170
105 171
105 172
105 175
105 181
105 182
105 183
105 184
105 185
105 186
105 187
105 189
105 191
105 192
105 195
105 197
105 198
105 199
105 200
106 107
106 108
106 109
106 110
106 113
106 114
106 116
106 117
106 119
106 120
106 121
106 123
106 124
106 129
106 130
106 131
106 132
106 133
106 134
106 136
106 137
106 141
106 142
106 143
106 147
106 148
106 149
106 150
106 151
106 152
106 153
106 155
106 156
106 160
106 161
106 163
106 164
106 167
106 168
106 169
106 171
106 176
106 178
106 181
106 182
106 183
106 186
106 187
106 188
106 189
106 190
106 193
106 195
106 197
106 198
106 200
107 110
107 112
107 113
107 115
107 116
107 117
107 119
107 120
107 122
107 123
107 124
107 125
107 128
107 130
107 131
107 133
107 134
107 136
107 137
107 138
107 140
107 141
107 144
107 145
107 149
107 155
107 156
107 157
107 158
107 160
107 161
107 162
107 163
107 165
107 167
107 168
107 169
107 170
107 171
107 172
107 174
107 176
107 177
107 178
107 180
107 181
107 182
107 184
107 188
107 189
107 190
107 191
107 196
107 199
107 200
108 109
108 111
108 113
108 115
108 123
108 126
108 128
108 129
108 133
108 137
108 144
108 146
108 148
108 150
108 151
108 153
108 154
108 156
108 159
108 160
108 164
108 165
108 169
108 170
108 172
108 174
108 176
108 181
108 183
108 184
108 187
108 188
108 189
108 190
108 191
108 192
108 195
108 196
108 198
108 199
109 110
109 112
109 113
109 116
109 122
109 124
109 126
109 127
109 128
109 130
109 132
109 133
109 134
109 138
109 141
109 143
109 144
109 145
109 146
109 147
109 151
109 153
109 154
109 155
109 157
109 159
109 162
109 163
109 164
109 165
109 166
109 168
109 170
109 173
109 174
109 175
109 176
109 179
109 180
109 181
109 182
109 183
109 184
109 186
109 188
109 190
109 192
109 194
109 195
109 196
109 198
109 200
110 116
110 118
110 120
110 121
110 122
110 123
110 124
110 127
110 128
110 130
110 133
110 135
110 136
110 139
110 142
110 144
110 145
110 146
110 148
110 150
110 151
110 152
110 153
110 154
110 157
110 158
110 159
110 160
110 161
110 162
110 163
110 164
110 165
110 166
110 167
110 170
110 175
110 177
110 178
110 179
110 180
110 184
110 185
110 189
110 190
110 193
110 194
110 198
111 115
111 116
111 118
111 119
111 121
111 123
111 126
111 128
111 131
111 132
111 133
111 136
111 138
111 139
111 141
111 142
111 144
111 147
111 148
111 149
111 152
111 156
111 157
111 161
111 164
111 165
111 167
111 168
111 170
111 172
111 173
111 174
111 179
111 181
111 185
111 186
111 188
111 189
111 190
111 191
111 192
111 197
111 198
111 200
112 113
112 114
112 119
112 121
112 123
112 127
112 128
112 131
112 133
112 134
112 135
112 136
112 140
112 142
112 143
112 144
112 145
112 146
112 148
112 150
112 153
112 157
112 158
112 159
112 160
112 162
112 166
112 167
112 169
112 171
112 173
112 175
112 176
112 177
112 179
112 180
112 181
112 182
112 183
112 186
112 189
112 190
112 192
112 195
112 197
112 199
112 200
113 114
113 115
113 116
113 117
113 120
113 121
113 122
113 126
113 128
113 130
113 131
113 134
113 135
113 138
113 140
113 141
113 142
113 146
113 147
113 148
113 150
113 152
113 154
113 155
113 156
113 158
113 159
113 163
113 164
113 166
113 167
113 168
113 170
113 171
113 174
113 175
113 176
113 177
113 178
113 179
113 181
113 184
113 186
113 189
113 193
113 194
113 195
113 197
113 200
114 115
114 117
114 118
114 120
114 121
114 122
114 124
114 126
114 127
114 131
114 132
114 133
114 134
114 135
114 137
114 138
114 139
114 140
114 141
114 145
114 147
114 148
114 149
114 152
114 153
114 155
114 156
114 157
114 158
114 160
114 161
114 162
114 163
114 167
114 168
114 172
114 173
114 174
114 176
114 178
114 179
114 181
114 189
114 190
114 191
114 193
114 194
114 198
114 199
115 116
115 117
115 119
115 121
115 123
115 124
115 125
115 127
115 129
115 130
115 131
115 134
115 136
115 137
115 140
115 145
115 147
115 148
115 151
115 152
115 159
115 160
115 162
115 168
115 169
115 173
115 175
115 176
115 177
115 178
115 180
115 181
115 183
115 186
115 187
115 189
115 194
115 195
115 196
115 198
116 118
116 123
116 127
116 128
116 129
116 130
116 132
116 137
116 138
116 142
116 143
116 144
116 150
116 151
116 152
116 153
116 159
116 160
116 161
116 165
116 167
116 168
116 170
116 171
116 172
116 173
116 176
116 177
116 179
116 182
116 185
116 187
116 191
116 192
116 193
116 194
116 195
116 197
116 198
116 199
117 119
117 121
117 122
117 123
117 125
117 126
117 128
117 133
117 134
117 135
117 137
117 140
117 141
117 142
117 147
117 149
117 150
117 154
117 155
117 156
117 157
117 158
117 159
117 161
117 163
117 164
117 165
117 166
117 167
117 169
117 171
117 173
117 175
117 176
117 178
117 181
117 183
117 184
117 186
117 188
117 189
117 190
117 191
117 192
117 193
117 195
117 196
117 197
117 198
117 199
117 200
118 124
118 125
118 126
118 127
118 128
118 129
118 130
118 133
118 134
118 135
118 136
118 137
118 142
118 143
118 144
118 149
118 150
118 154
118 156
118 158
118 159
118 160
118 162
118 164
118 167
118 168
118 175
118 180
118 181
118 183
118 184
118 186
118 190
118 191
118 192
118 193
118 196
118 199
118 200
119 120
119 122
119 123
119 127
119 128
119 130
119 131
119 132
119 133
119 136
119 138
119 140
119 141
119 142
119 143
119 144
119 147
119 148
119 149
119 150
119 151
119 152
119 154
119 156
119 157
119 160
119 162
119 163
119 164
119 165
119 168
119 169
119 170
119 173
119 174
119 175
119 178
119 182
119 183
119 185
119 187
119 188
119 191
119 192
119 193
119 195
119 198
119 200
120 122
120 126
120 127
120 130
120 131
120 133
120 134
120 136
120 137
120 138
120 140
120 141
120 143
120 145
120 148
120 149
120 150
120 151
120 152
120 153
120 154
120 155
120 157
120 159
120 161
120 162
120 163
120 168
120 169
120 170
120 171
120 172
120 173
120 174
120 176
120 182
120 184
120 186
120 187
120 189
120 190
120 192
120 194
120 195
120 198
121 123
121 125
121 126
121 128
121 130
121 132
121 134
121 136
121 138
121 141
121 142
121 143
121 145
121 146
121 148
121 149
121 151
121 153
121 155
121 156
121 158
121 159
121 163
121 164
121 166
121 168
121 169
121 172
121 174
121 175
121 176
121 177
121 179
121 180
121 185
121 186
121 187
121 191
121 192
121 193
121 194
121 195
121 196
121 198
121 200
122 123
122 125
122 127
122 129
122 133
122 134
122 138
122 141
122 142
122 143
122 144
122 145
122 146
122 147
122 148
122 151
122 153
122 154
122 158
122 161
122 165
122 168
122 170
122 172
122 173
122 174
122 175
122 177
122 181
122 183
122 189
122 191
122 192
122 194
122 195
122 197
122 198
122 199
122 200
123 124
123 125
123 127
123 128
123 132
123 135
123 137
123 140
123 142
123 144
123 145
123 147
123 151
123 152
123 153
123 155
123 157
123 158
123 159
123 162
123 164
123 165
123 167
123 169
123 170
123 173
123 174
123 176
123 177
123 182
123 184
123 185
123 187
123 189
123 190
123 191
123 192
123 193
123 194
123 196
123 197
123 198
124 125
124 126
124 127
124 129
124 130
124 131
124 132
124 133
124 134
124 135
124 137
124 138
124 139
124 140
124 142
124 143
124 145
124 146
124 147
124 148
124 149
124 150
124 151
124 152
124 153
124 155
124 157
124 158
124 164
124 165
124 166
124 167
124 168
124 169
124 170
124 172
124 173
124 174
124 175
124 177
124 178
124 179
124 181
124 182
124 183
124 185
124 186
124 191
124 192
124 193
124 196
124 197
124 199
124 200
125 126
125 127
125 131
125 132
125 133
125 137
125 140
125 141
125 143
125 144
125 147
125 149
125 151
125 154
125 158
125 160
125 161
125 164
125 165
125 167
125 170
125 173
125 174
125 175
125 176
125 178
125 183
125 184
125 185
125 186
125 187
125 190
125 192
125 193
125 195
125 196
125 198
125 199
126 129
126 130
126 132
126 133
126 136
126 140
126 142
126 143
126 145
126 146
126 147
126 148
126 151
126 152
126 153
126 154
126 155
126 156
126 158
126 161
126 162
126 163
126 164
126 166
126 167
126 169
126 174
126 175
126 176
126 178
126 179
126 180
126 182
126 183
126 185
126 186
126 189
126 190
126 191
126 193
126 194
126 196
126 197
126 198
126 200
127 128
127 129
127 130
127 131
127 135
127 136
127 137
127 138
127 140
127 142
127 144
127 146
127 148
127 150
127 151
127 154
127 155
127 156
127 158
127 160
127 161
127 164
127 165
127 166
127 167
127 168
127 169
127 172
127 174
127 176
127 177
127 178
127 179
127 180
127 181
127 182
127 183
127 185
127 186
127 187
127 189
127 190
127 191
127 194
127 196
127 198
127 199
127 200
128 129
128 130
128 134
128 135
128 136
128 139
128 141
128 144
128 147
128 149
128 151
128 152
128 153
128 154
128 156
128 157
128 158
128 162
128 163
128 165
128 166
128 168
128 169
128 171
128 172
128 173
128 176
128 177
128 178
128 180
128 181
128 182
128 184
128 186
128 188
128 190
128 191
128 192
128 196
128 199
128 200
129 132
129 133
129 134
129 135
129 136
129 137
129 138
129 140
129 141
129 142
129 143
129 144
129 145
129 148
129 150
129 152
129 153
129 154
129 155
129 159
129 161
129 164
129 165
129 166
129 168
129 169
129 173
129 174
129 176
129 177
129 178
129 179
129 181
129 184
129 185
129 187
129 188
129 191
129 192
129 193
129 197
129 198
129 199
129 200
130 131
130 132
130 133
130 134
130 135
130 136
130 137
130 138
130 141
130 142
130 143
130 145
130 146
130 148
130 149
130 150
130 152
130 156
130 157
130 158
130 159
130 160
130 161
130 162
130 165
130 166
130 167
130 169
130 170
130 173
130 174
130 177
130 179
130 185
130 186
130 191
130 192
130 194
130 195
130 196
131 133
131 135
131 136
131 138
131 139
131 141
131 142
131 143
131 144
131 145
131 146
131 147
131 148
131 150
131 153
131 155
131 157
131 158
131 159
131 161
131 162
131 163
131 165
131 166
131 167
131 168
131 172
131 174
131 180
131 183
131 184
131 185
131 191
131 193
131 195
131 197
131 199
132 134
132 136
132 137
132 138
132 139
132 140
132 142
132 144
132 147
132 148
132 151
132 160
132 166
132 168
132 169
132 171
132 173
132 174
132 178
132 180
132 181
132 183
132 186
132 187
132 190
132 195
132 196
132 197
132 198
132 200
133 134
133 135
133 136
133 137
133 138
133 145
133 146
133 147
133 149
133 152
133 154
133 156
133 158
133 160
133 161
133 163
133 166
133 167
133 168
133 174
133 176
133 178
133 179
133 181
133 185
133 187
133 189
133 190
133 191
133 192
133 196
133 198
134 138
134 140
134 143
134 146
134 148
134 149
134 150
134 151
134 154
134 155
134 157
134 158
134 159
134 161
134 163
134 165
134 167
134 169
134 171
134 175
134 177
134 179
134 181
134 182
134 185
134 186
134 190
134 191
134 192
134 193
134 195
134 196
134 197
134 200
135 137
135 138
135 140
135 143
135 144
135 145
135 146
135 147
135 149
135 150
135 152
135 153
135 154
135 157
135 159
135 161
135 162
135 163
135 165
135 167
135 169
135 170
135 171
135 173
135 176
135 177
135 179
135 180
135 181
135 182
135 183
135 184
135 185
135 189
135 191
135 195
135 197
135 198
135 199
135 200
136 137
136 138
136 139
136 140
136 141
136 142
136 144
136 145
136 146
136 147
136 148
136 149
136 150
136 151
136 154
136 155
136 158
136 161
136 162
136 164
136 165
136 167
136 168
136 169
136 170
136 171
136 173
136 174
136 177
136 179
136 180
136 182
136 183
136 184
136 187
136 192
136 193
136 194
136 196
136 197
136 198
136 200
137 138
137 141
137 142
137 146
137 148
137 149
137 150
137 154
137 156
137 160
137 163
137 165
137 167
137 170
137 171
137 173
137 175
137 176
137 179
137 180
137 181
137 183
137 184
137 187
137 188
137 193
137 194
137 195
137 197
137 199
138 139
138 146
138 147
138 148
138 149
138 152
138 155
138 156
138 158
138 162
138 163
138 164
138 166
138 172
138 174
138 175
138 178
138 179
138 181
138 182
138 184
138 185
138 186
138 187
138 189
138 192
138 194
138 196
138 197
138 198
138 200
139 140
139 141
139 143
139 145
139 146
139 149
139 150
139 151
139 152
139 153
139 154
139 155
139 157
139 159
139 160
139 163
139 165
139 170
139 173
139 174
139 177
139 178
139 180
139 183
139 184
139 186
139 187
139 190
139 196
139 197
139 200
140 141
140 142
140 143
140 145
140 149
140 152
140 153
140 155
140 157
140 162
140 163
140 165
140 166
140 167
140 168
140 169
140 170
140 171
140 173
140 174
140 179
140 180
140 181
140 182
140 188
140 189
140 190
140 192
140 193
140 194
140 196
140 197
140 198
140 199
141 143
141 144
141 145
141 147
141 150
141 152
141 154
141 155
141 156
141 158
141 160
141 161
141 162
141 163
141 164
141 166
141 170
141 171
141 172
141 173
141 175
141 176
141 179
141 183
141 185
141 186
141 187
141 189
141 191
141 195
141 198
141 199
141 200
142 143
142 144
142 145
142 147
142 151
142 153
142 154
142 155
142 156
142 159
142 160
142 161
142 162
142 163
142 165
142 167
142 168
142 170
142 171
142 173
142 178
142 179
142 181
142 182
142 183
142 184
142 185
142 186
142 189
142 190
142 192
142 193
142 194
142 195
142 199
143 144
143 145
143 147
143 149
143 150
143 152
143 155
143 157
143 162
143 164
143 166
143 167
143 169
143 170
143 174
143 175
143 176
143 178
143 183
143 184
143 187
143 188
143 189
143 190
143 193
143 196
143 197
143 198
144 146
144 147
144 148
144 149
144 150
144 154
144 155
144 159
144 167
144 168
144 170
144 171
144 172
144 173
144 174
144 175
144 178
144 185
144 187
144 188
144 189
144 190
144 191
144 192
144 194
144 195
144 196
144 197
144 199
144 200
145 151
145 152
145 153
145 154
145 155
145 156
145 159
145 161
145 163
145 165
145 166
145 167
145 168
145 169
145 171
145 172
145 174
145 176
145 178
145 181
145 182
145 183
145 184
145 188
145 192
145 193
145 194
145 195
145 196
145 197
146 148
146 150
146 151
146 154
146 155
146 156
146 157
146 158
146 159
146 160
146 162
146 163
146 165
146 168
146 169
146 170
146 171
146 174
146 175
146 177
146 178
146 180
146 183
146 185
146 186
146 190
146 191
146 195
146 199
147 153
147 154
147 157
147 158
147 160
147 162
147 163
147 166
147 167
147 170
147 171
147 173
147 175
147 176
147 177
147 179
147 180
147 181
147 182
147 183
147 185
147 187
147 188
147 189
147 190
147 191
147 192
147 194
147 196
147 198
147 199
148 150
148 152
148 153
148 154
148 157
148 159
148 162
148 163
148 166
148 167
148 168
148 170
148 173
148 174
148 175
148 181
148 185
148 186
148 187
148 188
148 189
148 190
148 191
148 193
148 194
148 196
148 198
148 199
148 200
149 152
149 153
149 154
149 157
149 158
149 161
149 162
149 163
149 167
149 168
149 169
149 170
149 171
149 172
149 174
149 175
149 176
149 177
149 178
149 182
149 186
149 189
149 192
149 193
149 195
149 197
149 200
150 152
150 153
150 155
150 156
150 157
150 158
150 159
150 160
150 161
150 162
150 163
150 164
150 165
150 168
150 170
150 171
150 172
150 177
150 178
150 181
150 182
150 183
150 184
150 185
150 187
150 189
150 190
150 191
150 195
150 196
150 199
150 200
151 152
151 153
151 156
151 159
151 162
151 163
151 164
151 167
151 169
151 171
151 173
151 174
151 177
151 178
151 179
151 180
151 181
151 182
151 185
151 188
151 190
151 193
151 195
151 198
151 200
152 153
152 154
152 156
152 157
152 158
152 160
152 161
152 163
152 165
152 167
152 170
152 171
152 173
152 177
152 180
152 181
152 184
152 185
152 188
152 189
152 190
152 191
152 192
152 193
152 195
152 197
153 154
153 155
153 158
153 159
153 161
153 162
153 163
153 164
153 167
153 168
153 169
153 170
153 172
153 173
153 175
153 176
153 177
153 178
153 182
153 184
153 185
153 186
153 187
153 188
153 191
153 195
153 196
153 197
153 198
153 199
154 155
154 156
154 157
154 158
154 161
154 162
154 163
154 164
154 165
154 166
154 168
154 170
154 171
154 172
154 173
154 175
154 178
154 183
154 184
154 185
154 186
154 187
154 188
154 189
154 190
154 192
154 193
154 194
154 198
154 200
155 156
155 157
155 158
155 159
155 160
155 162
155 164
155 165
155 166
155 167
155 168
155 170
155 171
155 173
155 176
155 177
155 179
155 180
155 181
155 182
155 187
155 188
155 190
155 191
155 192
155 194
155 196
155 197
155 198
155 199
155 200
156 157
156 158
156 159
156 160
156 161
156 163
156 165
156 166
156 168
156 169
156 170
156 171
156 176
156 177
156 178
156 180
156 181
156 182
156 185
156 186
156 188
156 189
156 191
156 192
156 194
156 196
156 197
156 199
157 162
157 164
157 165
157 169
157 170
157 172
157 174
157 175
157 177
157 178
157 181
157 182
157 184
157 185
157 186
157 187
157 188
157 189
157 190
157 191
157 193
157 196
157 198
157 199
157 200
158 172
158 173
158 174
158 175
158 176
158 177
158 178
158 179
158 181
158 184
158 185
158 190
158 191
158 193
158 194
158 196
158 197
158 198
159 160
159 163
159 164
159 166
159 167
159 168
159 171
159 174
159 180
159 184
159 185
159 186
159 187
159 188
159 189
159 191
159 195
159 196
159 199
159 200
160 162
160 164
160 165
160 167
160 168
160 169
160 174
160 175
160 177
160 178
160 179
160 183
160 184
160 189
160 190
160 191
160 194
160 195
160 196
160 198
160 199
160 200
161 162
161 163
161 164
161 166
161 167
161 169
161 173
161 174
161 176
161 177
161 181
161 182
161 183
161 187
161 188
161 189
161 191
161 192
161 193
161 194
161 195
161 196
161 197
161 198
161 199
162 163
162 164
162 165
162 168
162 169
162 170
162 173
162 174
162 175
162 176
162 177
162 180
162 182
162 183
162 184
162 187
162 188
162 189
162 193
162 195
162 196
162 197
162 198
162 200
163 164
163 166
163 171
163 172
163 173
163 174
163 175
163 178
163 179
163 180
163 181
163 183
163 185
163 186
163 187
163 188
163 190
163 191
163 194
163 197
163 198
163 199
164 165
164 166
164 167
164 169
164 170
164 171
164 175
164 177
164 180
164 183
164 184
164 185
164 187
164 188
164 189
164 191
164 196
164 200
165 167
165 168
165 169
165 170
165 171
165 172
165 174
165 176
165 177
165 178
165 182
165 183
165 185
165 186
165 188
165 189
165 190
165 191
165 192
165 194
165 195
165 196
165 197
165 199
165 200
166 168
166 169
166 171
166 172
166 173
166 175
166 177
166 179
166 180
166 181
166 183
166 186
166 189
166 190
166 192
166 194
166 196
166 197
166 199
166 200
167 170
167 171
167 172
167 173
167 174
167 175
167 176
167 178
167 179
167 180
167 181
167 183
167 184
167 185
167 186
167 189
167 190
167 192
167 193
167 195
167 197
167 198
167 199
167 200
168 169
168 170
168 171
168 172
168 173
168 179
168 182
168 183
168 184
168 187
168 189
168 190
168 191
168 192
168 193
168 196
168 197
168 198
168 199
168 200
169 170
169 172
169 174
169 175
169 177
169 178
169 179
169 180
169 181
169 183
169 184
169 192
169 193
169 194
169 196
169 197
169 200
170 174
170 177
170 178
170 179
170 180
170 187
170 188
170 191
170 192
170 195
170 200
171 172
171 173
171 174
171 176
171 177
171 179
171 180
171 182
171 186
171 187
171 189
171 190
171 191
171 194
171 196
171 198
171 199
171 200
172 173
172 174
172 177
172 178
172 180
172 181
172 182
172 185
172 186
172 190
172 192
172 193
172 195
172 197
172 199
172 200
173 174
173 175
173 177
173 179
173 181
173 183
173 184
173 185
173 186
173 189
173 193
173 195
173 198
174 176
174 178
174 179
174 180
174 181
174 182
174 185
174 190
174 192
174 193
174 195
174 199
175 176
175 177
175 178
175 179
175 182
175 183
175 184
175 186
175 187
175 188
175 189
175 190
175 191
175 192
175 193
175 198
175 199
175 200
176 177
176 178
176 180
176 182
176 183
176 187
176 191
176 192
176 196
176 199
177 178
177 179
177 180
177 186
177 187
177 188
177 190
177 191
177 192
177 193
177 194
177 195
177 196
177 198
177 199
178 179
178 183
178 184
178 185
178 186
178 187
178 188
178 190
178 191
178 194
178 195
178 196
178 197
178 199
179 180
179 181
179 182
179 183
179 186
179 187
179 188
179 190
179 192
179 194
179 196
179 197
179 198
180 182
180 185
180 186
180 187
180 188
180 189
180 190
180 191
180 193
180 194
180 195
180 198
180 199
180 200
181 185
181 188
181 189
181 190
181 194
181 196
181 197
181 199
181 200
182 183
182 184
182 185
182 188
182 189
182 191
182 193
182 195
182 196
183 189
183 190
183 193
183 195
183 196
183 197
184 188
184 192
184 193
184 194
184 197
184 198
184 199
184 200
185 186
185 187
185 188
185 189
185 190
185 194
185 196
185 197
185 199
185 200
186 187
186 192
186 194
186 197
186 198
186 199
186 200
187 188
187 189
187 193
187 195
187 197
187 199
187 200
188 189
188 190
188 191
188 198
189 190
189 191
189 193
189 200
190 191
190 192
190 193
190 195
190 197
190 198
190 199
190 200
191 193
191 195
191 196
191 199
191 200
192 196
192 197
192 198
192 199
192 200
193 194
193 195
193 196
193 199
194 195
194 197
195 197
196 197
196 198
196 199
196 200
197 200
198 200
199 200
